[brakes]
BRAKE_LOCK = [ 1.000000, 3.250000 ]
BRAKES = [ 450.000000, 500.000000 ]
EBRAKE = 950.000000

[chassis]
AERO_CG = 45.250000
AERO_COEFFICIENT = 0.260000
DRAG_COEFFICIENT = 0.280000
FRONT_AXLE = 1.340000
FRONT_WEIGHT_BIAS = 55.000000
RENDER_MOTION = 1.000000
RIDE_HEIGHT = [ 6.500000, 6.500000 ]
ROLL_CENTER = 9.251000
SHOCK_BLOWOUT = 6.000000
SHOCK_DIGRESSION = [ 0.100000, 0.100000 ]
SHOCK_EXT_STIFFNESS = [ 80.000000, 80.000000 ]
SHOCK_STIFFNESS = [ 75.000000, 80.000000 ]
SHOCK_VALVING = [ 23.850000, 23.850000 ]
SPRING_PROGRESSION = [ 8.500000, 7.500000 ]
SPRING_STIFFNESS = [ 850.000000, 735.000000 ]
SQUAT_SPEED = 1.000000
SWAYBAR_STIFFNESS = [ 325.500000, 375.000000 ]
TRACK_WIDTH = [ 1.685000, 1.685000 ]
TRAVEL = [ 6.000000, 6.000000 ]
WHEEL_BASE = 2.659000

[tires]
ASPECT_RATIO = [ 35.000000, 35.000000 ]
DYNAMIC_GRIP = [ 1.750000, 2.100000 ]
GRIP_SCALE = [ 1.060000, 1.100000 ]
RIM_SIZE = [ 20.000000, 20.000000 ]
SECTION_WIDTH = [ 335.000000, 335.000000 ]
STATIC_GRIP = [ 2.000000, 2.300000 ]
STEERING = 0.850000
YAW_CONTROL = [ 0.200000, 0.500000, 0.750000, 1.000000 ]
YAW_SPEED = 0.300000
STEERING_RANGE = [ 40.500000, 13.500000, 9.900000, 7.200000, 6.300000, 6.300000, 6.300000, 6.300000, 6.300000, 6.300000 ]

[transmission]
GEAR_RATIO = [ 3.000000, 0.000000, 2.800000, 1.773000, 1.267000, 1.000000, 0.833000, 0.710000 ]
DIFFERENTIAL = [ 0.000000, 0.650000, 0.000000 ]
GEAR_EFFICIENCY = [ 1.000000, 1.000000, 1.000000, 1.000000, 1.000000, 1.000000, 1.000000, 1.000000, 1.000000 ]
TORQUE_CONVERTER = 0.200000
TORQUE_SPLIT = 0.000000
CLUTCH_SLIP = 0.850000
OPTIMAL_SHIFT = 500.000000
SHIFT_SPEED = 0.250000
FINAL_GEAR = 4.600000

[engine]
TORQUE = [ 105.000000, 127.000000, 177.000000, 253.000000, 315.000000, 286.000000, 264.000000, 247.000000, 239.000000 ]
ENGINE_BRAKING = [ 0.800000, 0.850000, 0.900000 ]
FLYWHEEL_MASS = 9.000000
MAX_RPM = 8600.000000
RED_LINE = 7600.000000
IDLE = 800.000000

[induction]
LOW_BOOST = 0.150000
SPOOL_TIME_DOWN = 0.250000
VACUUM = 0.000000
SPOOL = 0.000000
SPOOL_TIME_UP = 0.000000
PSI = 13.000000
HIGH_BOOST = 0.150000

[nos]
FLOW_RATE = 3.000000
NOS_CAPACITY = 5.000000
NOS_DISENGAGE = 2.000000
RECHARGE_MAX = 30.000000
RECHARGE_MAX_SPEED = 100.000000
RECHARGE_MIN = 50.000000
RECHARGE_MIN_SPEED = 50.000000
TORQUE_BOOST = 1.000000

[pvehicle]
brakes_upgrades = 0
chassis_upgrades = 0
engine_upgrades = 0
induction_upgrades = 0
MASS = 1180.000000
nos_upgrades = 0
TENSOR_SCALE = [ 1.000000, 2.000000, 1.000000 ]
tires_upgrades = 0
transmission_upgrades = 0
HandlingRating = [ 90.000000, 91.000000 ]

[frontend]
Cost = 250000