[brakes]
BRAKE_LOCK = [ 1.000000, 3.000000 ]
BRAKES = [ 700.000000, 800.000000 ]
EBRAKE = 1200.000000

[chassis]
AERO_CG = 48.000000
AERO_COEFFICIENT = 0.300000
DRAG_COEFFICIENT = 0.300000
FRONT_AXLE = 1.225000
FRONT_WEIGHT_BIAS = 52.000000
RENDER_MOTION = 0.500000
RIDE_HEIGHT = [ 7.750000, 7.750000 ]
ROLL_CENTER = 8.000000
SHOCK_BLOWOUT = 6.000000
SHOCK_DIGRESSION = [ 0.200000, 0.200000 ]
SHOCK_EXT_STIFFNESS = [ 90.000000, 90.000000 ]
SHOCK_STIFFNESS = [ 72.000000, 80.000000 ]
SHOCK_VALVING = [ 24.000000, 24.000000 ]
SPRING_PROGRESSION = [ 7.000000, 7.000000 ]
SPRING_STIFFNESS = [ 700.000000, 900.000000 ]
SQUAT_SPEED = 1.000000
SWAYBAR_STIFFNESS = [ 300.000000, 390.000000 ]
TRACK_WIDTH = [ 1.635000, 1.695000 ]
TRAVEL = [ 7.000000, 7.000000 ]
WHEEL_BASE = 2.650000

[tires]
ASPECT_RATIO = [ 30.000000, 30.000000 ]
DYNAMIC_GRIP = [ 2.200000, 2.300000 ]
GRIP_SCALE = [ 1.150000, 1.250000 ]
RIM_SIZE = [ 20.000000, 20.000000 ]
SECTION_WIDTH = [ 295.000000, 295.000000 ]
STATIC_GRIP = [ 2.500000, 2.600000 ]
STEERING = 1.050000
YAW_CONTROL = [ 0.400000, 0.600000, 0.800000, 1.000000 ]
YAW_SPEED = 0.320000
STEERING_RANGE = [ 45.000000, 15.000000, 11.000000, 8.000000, 7.000000, 7.000000, 7.000000, 7.000000, 7.000000, 7.000000 ]

[transmission]
GEAR_RATIO = [ 3.100000, 0.000000, 2.940000, 2.056000, 1.520000, 1.179000, 1.030000, 0.914000 ]
DIFFERENTIAL = [ 0.750000, 0.750000, 0.750000 ]
GEAR_EFFICIENCY = [ 1.000000, 1.000000, 1.000000, 1.000000, 1.000000, 1.000000, 1.000000, 1.000000, 1.000000 ]
TORQUE_CONVERTER = 0.400000
TORQUE_SPLIT = 0.500000
CLUTCH_SLIP = 0.900000
OPTIMAL_SHIFT = 500.000000
SHIFT_SPEED = 0.250000
FINAL_GEAR = 3.320000

[engine]
TORQUE = [ 147.000000, 173.000000, 273.000000, 446.000000, 503.000000, 473.000000, 420.000000, 378.000000, 357.000000 ]
ENGINE_BRAKING = [ 0.700000, 0.800000, 0.900000 ]
FLYWHEEL_MASS = 11.000000
MAX_RPM = 9000.000000
RED_LINE = 8000.000000
IDLE = 800.000000

[induction]
LOW_BOOST = 0.200000
SPOOL_TIME_DOWN = 0.250000
VACUUM = -0.050000
SPOOL = 0.200000
SPOOL_TIME_UP = 1.750000
PSI = 15.000000
HIGH_BOOST = 0.200000

[nos]
FLOW_RATE = 3.000000
NOS_CAPACITY = 5.000000
NOS_DISENGAGE = 2.000000
RECHARGE_MAX = 30.000000
RECHARGE_MAX_SPEED = 100.000000
RECHARGE_MIN = 50.000000
RECHARGE_MIN_SPEED = 50.000000
TORQUE_BOOST = 1.000000

[pvehicle]
brakes_upgrades = 0
chassis_upgrades = 0
engine_upgrades = 0
induction_upgrades = 0
MASS = 1590.000000
nos_upgrades = 3
TENSOR_SCALE = [ 1.000000, 2.000000, 1.000000 ]
tires_upgrades = 0
transmission_upgrades = 0
HandlingRating = [ 90.000000, 91.000000 ]

[frontend]
Cost = 250000

[nos_1]
FLOW_RATE = 3.000000
NOS_CAPACITY = 2.500000
NOS_DISENGAGE = 2.000000
RECHARGE_MAX = 30.000000
RECHARGE_MAX_SPEED = 100.000000
RECHARGE_MIN = 50.000000
RECHARGE_MIN_SPEED = 50.000000
TORQUE_BOOST = 0.750000