[brakes]
BRAKE_LOCK = [ 1.000000, 3.000000 ]
BRAKES = [ 400.000000, 450.000000 ]
EBRAKE = 975.000000

[chassis]
AERO_CG = 44.000000
AERO_COEFFICIENT = 0.260000
DRAG_COEFFICIENT = 0.320000
FRONT_AXLE = 1.430000
FRONT_WEIGHT_BIAS = 54.000000
RENDER_MOTION = 1.000000
RIDE_HEIGHT = [ 6.000000, 6.000000 ]
ROLL_CENTER = 9.350000
SHOCK_BLOWOUT = 5.000000
SHOCK_DIGRESSION = [ 0.400000, 0.400000 ]
SHOCK_EXT_STIFFNESS = [ 75.000000, 77.000000 ]
SHOCK_STIFFNESS = [ 60.000000, 50.000000 ]
SHOCK_VALVING = [ 20.000000, 20.000000 ]
SPRING_PROGRESSION = [ 7.500000, 7.500000 ]
SPRING_STIFFNESS = [ 850.000000, 775.000000 ]
SQUAT_SPEED = 1.000000
SWAYBAR_STIFFNESS = [ 335.000000, 200.000000 ]
TRACK_WIDTH = [ 1.608000, 1.603000 ]
TRAVEL = [ 5.750000, 5.750000 ]
WHEEL_BASE = 2.731000

[tires]
ASPECT_RATIO = [ 40.000000, 40.000000 ]
DYNAMIC_GRIP = [ 2.000000, 2.050000 ]
GRIP_SCALE = [ 1.000000, 1.025000 ]
RIM_SIZE = [ 19.000000, 19.000000 ]
SECTION_WIDTH = [ 255.000000, 255.000000 ]
STATIC_GRIP = [ 2.200000, 2.300000 ]
STEERING = 0.885000
YAW_CONTROL = [ 0.300000, 0.750000, 1.000000, 1.200000 ]
YAW_SPEED = 0.250000
STEERING_RANGE = [ 40.500000, 13.500000, 9.900000, 7.200000, 6.300000, 6.300000, 6.300000, 6.300000, 6.300000, 6.300000 ]

[transmission]
GEAR_RATIO = [ 3.200000, 0.000000, 4.100000, 2.530000, 1.670000, 1.230000, 1.000000, 0.830000 ]
DIFFERENTIAL = [ 0.000000, 0.750000, 0.000000 ]
GEAR_EFFICIENCY = [ 1.000000, 1.000000, 1.000000, 1.000000, 1.000000, 1.000000, 1.000000, 1.000000, 1.000000 ]
TORQUE_CONVERTER = 0.300000
TORQUE_SPLIT = 0.000000
CLUTCH_SLIP = 0.800000
OPTIMAL_SHIFT = 500.000000
SHIFT_SPEED = 0.250000
FINAL_GEAR = 4.110000

[engine]
TORQUE = [ 111.000000, 163.000000, 221.000000, 278.000000, 304.000000, 294.000000, 267.000000, 244.000000, 228.000000 ]
ENGINE_BRAKING = [ 0.700000, 0.800000, 0.900000 ]
FLYWHEEL_MASS = 10.000000
MAX_RPM = 9500.000000
RED_LINE = 8500.000000
IDLE = 800.000000

[induction]
LOW_BOOST = 0.000000
SPOOL_TIME_DOWN = 1.000000
VACUUM = 0.000000
SPOOL = 0.000000
SPOOL_TIME_UP = 1.000000
PSI = 0.000000
HIGH_BOOST = 0.000000

[nos]
FLOW_RATE = 3.000000
NOS_CAPACITY = 5.000000
NOS_DISENGAGE = 2.000000
RECHARGE_MAX = 30.000000
RECHARGE_MAX_SPEED = 100.000000
RECHARGE_MIN = 50.000000
RECHARGE_MIN_SPEED = 50.000000
TORQUE_BOOST = 1.000000

[pvehicle]
brakes_upgrades = 0
chassis_upgrades = 0
engine_upgrades = 0
induction_upgrades = 0
MASS = 1100.000000
nos_upgrades = 3
TENSOR_SCALE = [ 1.000000, 2.000000, 1.000000 ]
tires_upgrades = 0
transmission_upgrades = 0
HandlingRating = [ 91.000000, 97.000000 ]

[frontend]
Cost = 0

[induction_1]
LOW_BOOST = 0.200000
SPOOL_TIME_DOWN = 0.250000
VACUUM = -0.050000
SPOOL = 0.200000
SPOOL_TIME_UP = 2.000000
PSI = 12.000000
HIGH_BOOST = 0.200000

[nos_1]
FLOW_RATE = 3.000000
NOS_CAPACITY = 2.500000
NOS_DISENGAGE = 2.000000
RECHARGE_MAX = 30.000000
RECHARGE_MAX_SPEED = 100.000000
RECHARGE_MIN = 50.000000
RECHARGE_MIN_SPEED = 50.000000
TORQUE_BOOST = 0.750000