[brakes]
BRAKE_LOCK = [ 1.000000, 3.500000 ]
BRAKES = [ 550.000000, 675.000000 ]
EBRAKE = 850.000000

[chassis]
AERO_CG = 50.000000
AERO_COEFFICIENT = 0.250000
DRAG_COEFFICIENT = 0.400000
FRONT_AXLE = 1.450000
FRONT_WEIGHT_BIAS = 52.000000
RENDER_MOTION = 1.000000
RIDE_HEIGHT = [ 7.000000, 7.000000 ]
ROLL_CENTER = 10.000000
SHOCK_BLOWOUT = 6.000000
SHOCK_DIGRESSION = [ 0.405000, 0.405000 ]
SHOCK_EXT_STIFFNESS = [ 62.000000, 70.000000 ]
SHOCK_STIFFNESS = [ 60.000000, 70.000000 ]
SHOCK_VALVING = [ 16.000000, 16.000000 ]
SPRING_PROGRESSION = [ 6.000000, 7.000000 ]
SPRING_STIFFNESS = [ 490.000000, 575.000000 ]
SQUAT_SPEED = 1.000000
SWAYBAR_STIFFNESS = [ 200.000000, 300.000000 ]
TRACK_WIDTH = [ 1.572000, 1.587000 ]
TRAVEL = [ 6.750000, 6.750000 ]
WHEEL_BASE = 2.717000

[tires]
ASPECT_RATIO = [ 45.000000, 45.000000 ]
DYNAMIC_GRIP = [ 1.500000, 1.650000 ]
GRIP_SCALE = [ 1.000000, 1.000000 ]
RIM_SIZE = [ 19.000000, 19.000000 ]
SECTION_WIDTH = [ 255.000000, 255.000000 ]
STATIC_GRIP = [ 1.700000, 1.850000 ]
STEERING = 1.050000
YAW_CONTROL = [ 0.100000, 0.200000, 0.300000, 0.400000 ]
YAW_SPEED = 0.300000
STEERING_RANGE = [ 48.599998, 16.200001, 11.880000, 8.640000, 7.560000, 7.560000, 7.560000, 7.560000, 7.560000, 7.560000 ]

[transmission]
GEAR_RATIO = [ 2.600000, 0.000000, 3.400000, 1.780000, 1.250000, 0.970000, 0.800000, 0.670000 ]
DIFFERENTIAL = [ 0.000000, 0.750000, 0.000000 ]
GEAR_EFFICIENCY = [ 1.000000, 1.000000, 1.000000, 1.000000, 1.000000, 1.000000, 1.000000, 1.000000, 1.000000 ]
TORQUE_CONVERTER = 0.300000
TORQUE_SPLIT = 0.000000
CLUTCH_SLIP = 0.700000
OPTIMAL_SHIFT = 500.000000
SHIFT_SPEED = 0.250000
FINAL_GEAR = 4.250000

[engine]
TORQUE = [ 286.000000, 377.000000, 610.000000, 891.000000, 890.000000, 789.000000, 700.000000, 620.000000, 560.000000 ]
ENGINE_BRAKING = [ 0.750000, 0.820000, 0.900000 ]
FLYWHEEL_MASS = 12.000000
MAX_RPM = 7250.000000
RED_LINE = 6250.000000
IDLE = 750.000000

[induction]
LOW_BOOST = 0.220000
SPOOL_TIME_DOWN = 0.000000
VACUUM = 0.000000
SPOOL = 0.000000
SPOOL_TIME_UP = 0.000000
PSI = 9.000000
HIGH_BOOST = 0.220000

[nos]
FLOW_RATE = 3.000000
NOS_CAPACITY = 5.000000
NOS_DISENGAGE = 2.000000
RECHARGE_MAX = 30.000000
RECHARGE_MAX_SPEED = 100.000000
RECHARGE_MIN = 50.000000
RECHARGE_MIN_SPEED = 50.000000
TORQUE_BOOST = 1.000000

[pvehicle]
brakes_upgrades = 0
chassis_upgrades = 0
engine_upgrades = 0
induction_upgrades = 0
MASS = 1778.000000
nos_upgrades = 0
TENSOR_SCALE = [ 1.000000, 2.000000, 1.000000 ]
tires_upgrades = 0
transmission_upgrades = 0
HandlingRating = [ 60.000000, 61.000000 ]

[frontend]
Cost = 140000