[brakes]
BRAKE_LOCK = [ 1.000000, 3.350000 ]
BRAKES = [ 500.000000, 700.000000 ]
EBRAKE = 1000.000000

[chassis]
AERO_CG = 54.000000
AERO_COEFFICIENT = 0.150000
DRAG_COEFFICIENT = 0.350000
FRONT_AXLE = 2.700000
FRONT_WEIGHT_BIAS = 50.000000
RENDER_MOTION = 1.000000
RIDE_HEIGHT = [ 8.850000, 8.850000 ]
ROLL_CENTER = 20.000000
SHOCK_BLOWOUT = 10.000000
SHOCK_DIGRESSION = [ 0.700000, 0.700000 ]
SHOCK_EXT_STIFFNESS = [ 80.000000, 80.000000 ]
SHOCK_STIFFNESS = [ 70.000000, 70.000000 ]
SHOCK_VALVING = [ 18.000000, 18.000000 ]
SPRING_PROGRESSION = [ 7.500000, 8.000000 ]
SPRING_STIFFNESS = [ 900.000000, 1220.000000 ]
SQUAT_SPEED = 1.000000
SWAYBAR_STIFFNESS = [ 400.000000, 500.000000 ]
TRACK_WIDTH = [ 2.700000, 2.700000 ]
TRAVEL = [ 8.000000, 8.000000 ]
WHEEL_BASE = 5.100000

[tires]
ASPECT_RATIO = [ 50.000000, 50.000000 ]
DYNAMIC_GRIP = [ 1.500000, 1.500000 ]
GRIP_SCALE = [ 1.000000, 0.970000 ]
RIM_SIZE = [ 22.000000, 22.000000 ]
SECTION_WIDTH = [ 500.000000, 500.000000 ]
STATIC_GRIP = [ 1.800000, 1.800000 ]
STEERING = 1.200000
YAW_CONTROL = [ 0.050000, 0.100000, 0.200000, 0.300000 ]
YAW_SPEED = 0.200000
STEERING_RANGE = [ 49.500000, 16.500000, 12.100000, 8.800000, 7.700000, 7.700000, 7.700000, 7.700000, 7.700000, 7.700000 ]

[transmission]
GEAR_RATIO = [ 2.700000, 0.000000, 3.600000, 1.830000, 1.290000, 1.050000, 0.860000, 0.730000 ]
DIFFERENTIAL = [ 0.000000, 0.800000, 0.000000 ]
GEAR_EFFICIENCY = [ 1.000000, 1.000000, 1.000000, 1.000000, 1.000000, 1.000000, 1.000000, 1.000000, 1.000000 ]
TORQUE_CONVERTER = 0.300000
TORQUE_SPLIT = 0.000000
CLUTCH_SLIP = 0.800000
OPTIMAL_SHIFT = 500.000000
SHIFT_SPEED = 0.250000
FINAL_GEAR = 4.350000

[engine]
TORQUE = [ 126.000000, 226.000000, 409.000000, 598.000000, 592.000000, 529.000000, 453.000000, 396.000000, 352.000000 ]
ENGINE_BRAKING = [ 0.700000, 0.800000, 0.900000 ]
FLYWHEEL_MASS = 12.000000
MAX_RPM = 6500.000000
RED_LINE = 5500.000000
IDLE = 800.000000

[induction]
LOW_BOOST = 0.000000
SPOOL_TIME_DOWN = 1.000000
VACUUM = 0.000000
SPOOL = 0.000000
SPOOL_TIME_UP = 1.000000
PSI = 0.000000
HIGH_BOOST = 0.000000

[nos]
FLOW_RATE = 3.000000
NOS_CAPACITY = 2.500000
NOS_DISENGAGE = 2.000000
RECHARGE_MAX = 30.000000
RECHARGE_MAX_SPEED = 100.000000
RECHARGE_MIN = 50.000000
RECHARGE_MIN_SPEED = 50.000000
TORQUE_BOOST = 0.750000

[pvehicle]
brakes_upgrades = 0
chassis_upgrades = 0
engine_upgrades = 0
induction_upgrades = 0
MASS = 1800.000000
nos_upgrades = 0
TENSOR_SCALE = [ 1.400000, 2.000000, 1.400000 ]
tires_upgrades = 0
transmission_upgrades = 0
HandlingRating = [ 45.000000, 55.000000 ]

[frontend]
Cost = 0