[brakes]
BRAKE_LOCK = [ 1.000000, 3.500000 ]
BRAKES = [ 550.000000, 760.000000 ]
EBRAKE = 1200.000000

[chassis]
AERO_CG = 49.500000
AERO_COEFFICIENT = 0.250000
DRAG_COEFFICIENT = 0.320000
FRONT_AXLE = 1.324500
FRONT_WEIGHT_BIAS = 53.000000
RENDER_MOTION = 1.000000
RIDE_HEIGHT = [ 7.500000, 7.500000 ]
ROLL_CENTER = 9.500000
SHOCK_BLOWOUT = 6.000000
SHOCK_DIGRESSION = [ 0.450000, 0.450000 ]
SHOCK_EXT_STIFFNESS = [ 70.000000, 90.000000 ]
SHOCK_STIFFNESS = [ 60.000000, 80.000000 ]
SHOCK_VALVING = [ 22.000000, 22.000000 ]
SPRING_PROGRESSION = [ 7.000000, 8.500000 ]
SPRING_STIFFNESS = [ 600.000000, 850.000000 ]
SQUAT_SPEED = 1.000000
SWAYBAR_STIFFNESS = [ 250.000000, 350.000000 ]
TRACK_WIDTH = [ 1.577000, 1.542000 ]
TRAVEL = [ 6.500000, 6.500000 ]
WHEEL_BASE = 2.686000

[tires]
ASPECT_RATIO = [ 35.000000, 35.000000 ]
DYNAMIC_GRIP = [ 1.800000, 1.800000 ]
GRIP_SCALE = [ 1.000000, 1.000000 ]
RIM_SIZE = [ 19.000000, 19.000000 ]
SECTION_WIDTH = [ 325.000000, 325.000000 ]
STATIC_GRIP = [ 2.200000, 2.200000 ]
STEERING = 0.970000
YAW_CONTROL = [ 0.100000, 0.500000, 0.600000, 0.750000 ]
YAW_SPEED = 0.250000
STEERING_RANGE = [ 47.250000, 15.750000, 11.550000, 8.400000, 7.350000, 7.350000, 7.350000, 7.350000, 7.350000, 7.350000 ]

[transmission]
GEAR_RATIO = [ 3.000000, 0.000000, 3.600000, 1.830000, 1.320000, 1.050000, 0.860000, 0.730000 ]
DIFFERENTIAL = [ 0.000000, 0.700000, 0.000000 ]
GEAR_EFFICIENCY = [ 1.000000, 1.000000, 1.000000, 1.000000, 1.000000, 1.000000, 1.000000, 1.000000, 1.000000 ]
TORQUE_CONVERTER = 0.850000
TORQUE_SPLIT = 0.000000
CLUTCH_SLIP = 0.750000
OPTIMAL_SHIFT = 500.000000
SHIFT_SPEED = 0.250000
FINAL_GEAR = 3.900000

[engine]
TORQUE = [ 345.000000, 693.000000, 1096.000000, 1200.000000, 1155.000000, 1003.000000, 864.000000, 766.000000, 682.000000 ]
ENGINE_BRAKING = [ 0.700000, 0.800000, 0.900000 ]
FLYWHEEL_MASS = 13.000000
MAX_RPM = 7000.000000
RED_LINE = 6000.000000
IDLE = 800.000000

[induction]
LOW_BOOST = 0.100000
SPOOL_TIME_DOWN = 0.250000
VACUUM = 0.000000
SPOOL = 0.000000
SPOOL_TIME_UP = 2.000000
PSI = 15.000000
HIGH_BOOST = 0.100000

[nos]
FLOW_RATE = 3.000000
NOS_CAPACITY = 5.000000
NOS_DISENGAGE = 2.000000
RECHARGE_MAX = 30.000000
RECHARGE_MAX_SPEED = 100.000000
RECHARGE_MIN = 50.000000
RECHARGE_MIN_SPEED = 50.000000
TORQUE_BOOST = 1.000000

[pvehicle]
brakes_upgrades = 0
chassis_upgrades = 0
engine_upgrades = 0
induction_upgrades = 0
MASS = 1520.000000
nos_upgrades = 0
TENSOR_SCALE = [ 1.000000, 2.000000, 1.000000 ]
tires_upgrades = 0
transmission_upgrades = 0
HandlingRating = [ 55.000000, 56.000000 ]

[frontend]
Cost = 0