[brakes]
BRAKE_LOCK = [ 1.000000, 2.200000 ]
BRAKES = [ 550.000000, 600.000000 ]
EBRAKE = 1000.000000

[chassis]
AERO_CG = 48.500000
AERO_COEFFICIENT = 0.265000
DRAG_COEFFICIENT = 0.300000
FRONT_AXLE = 1.180000
FRONT_WEIGHT_BIAS = 57.000000
RENDER_MOTION = 1.000000
RIDE_HEIGHT = [ 12.000000, 12.000000 ]
ROLL_CENTER = 10.000000
SHOCK_BLOWOUT = 6.000000
SHOCK_DIGRESSION = [ 0.400000, 0.400000 ]
SHOCK_EXT_STIFFNESS = [ 60.000000, 60.000000 ]
SHOCK_STIFFNESS = [ 60.000000, 60.000000 ]
SHOCK_VALVING = [ 25.000000, 25.000000 ]
SPRING_PROGRESSION = [ 50.000000, 50.000000 ]
SPRING_STIFFNESS = [ 50.000000, 65.000000 ]
SQUAT_SPEED = 1.000000
SWAYBAR_STIFFNESS = [ 60.000000, 60.000000 ]
TRACK_WIDTH = [ 1.485000, 1.495000 ]
TRAVEL = [ 10.000000, 10.000000 ]
WHEEL_BASE = 2.355000
MASS = 1500.000000
TENSOR_SCALE = [ 1.300000, 3.500000, 1.300000 ]

[tires]
ASPECT_RATIO = [ 30.000000, 30.000000 ]
DYNAMIC_GRIP = [ 1.600000, 1.800000 ]
GRIP_SCALE = [ 1.000000, 1.000000 ]
RIM_SIZE = [ 18.000000, 18.000000 ]
SECTION_WIDTH = [ 295.000000, 295.000000 ]
STATIC_GRIP = [ 1.900000, 2.000000 ]
STEERING = 1.000000
YAW_CONTROL = [ 0.200000, 0.500000, 0.850000, 1.000000 ]
YAW_SPEED = 1.000000
STEERING_RANGE = [ 40.500000, 13.500000, 9.900000, 7.200000, 7.200000, 7.200000, 7.200000, 7.200000, 7.200000, 7.200000 ]

[transmission]
GEAR_RATIO = [ 2.900000, 0.000000, 3.820000, 2.150000, 1.560000, 1.210000, 1.000000, 0.850000 ]
DIFFERENTIAL = [ 0.000000, 0.060000, 0.000000 ]
GEAR_EFFICIENCY = [ 1.000000, 1.000000, 1.000000, 1.000000, 1.000000, 1.000000, 1.000000, 1.000000, 1.000000 ]
TORQUE_CONVERTER = 0.200000
TORQUE_SPLIT = 0.000000
CLUTCH_SLIP = 0.700000
OPTIMAL_SHIFT = 500.000000
SHIFT_SPEED = 0.250000
FINAL_GEAR = 3.550000

[engine]
TORQUE = [ 175.000000, 261.000000, 359.000000, 403.000000, 380.000000, 334.000000, 289.000000, 254.000000, 228.000000 ]
ENGINE_BRAKING = [ 0.700000, 0.850000, 0.900000 ]
FLYWHEEL_MASS = 12.000000
MAX_RPM = 9200.000000
RED_LINE = 8200.000000
IDLE = 900.000000

[induction]
LOW_BOOST = 0.000000
SPOOL_TIME_DOWN = 1.000000
VACUUM = 0.000000
SPOOL = 0.000000
SPOOL_TIME_UP = 1.000000
PSI = 0.000000
HIGH_BOOST = 0.000000

[pvehicle]
HandlingRating = [ 82.000000, 83.000000 ]
brakes_upgrades = 4
chassis_upgrades = 4
engine_upgrades = 4
induction_upgrades = 4
nos_upgrades = 4
tires_upgrades = 4
transmission_upgrades = 4

[nos]
FLOW_RATE = 0.000000
NOS_CAPACITY = 0.000000
NOS_DISENGAGE = 0.000000
RECHARGE_MAX = 0.000000
RECHARGE_MAX_SPEED = 0.000000
RECHARGE_MIN = 0.000000
RECHARGE_MIN_SPEED = 0.000000
TORQUE_BOOST = 0.000000

[nos_1]
FLOW_RATE = 3.000000
NOS_CAPACITY = 2.500000
NOS_DISENGAGE = 2.000000
RECHARGE_MAX = 30.000000
RECHARGE_MAX_SPEED = 100.000000
RECHARGE_MIN = 50.000000
RECHARGE_MIN_SPEED = 50.000000
TORQUE_BOOST = 0.750000

[nos_2]
FLOW_RATE = 3.000000
NOS_CAPACITY = 5.000000
NOS_DISENGAGE = 2.000000
RECHARGE_MAX = 30.000000
RECHARGE_MAX_SPEED = 100.000000
RECHARGE_MIN = 50.000000
RECHARGE_MIN_SPEED = 50.000000
TORQUE_BOOST = 1.000000