[brakes]
BRAKE_LOCK = [ 1.000000, 3.500000 ]
BRAKES = [ 500.000000, 625.000000 ]
EBRAKE = 950.000000

[chassis]
AERO_CG = 50.000000
AERO_COEFFICIENT = 0.245000
DRAG_COEFFICIENT = 0.350000
FRONT_AXLE = 1.475000
FRONT_WEIGHT_BIAS = 52.000000
RENDER_MOTION = 1.000000
RIDE_HEIGHT = [ 8.000000, 8.000000 ]
ROLL_CENTER = 9.750000
SHOCK_BLOWOUT = 6.000000
SHOCK_DIGRESSION = [ 0.375000, 0.375000 ]
SHOCK_EXT_STIFFNESS = [ 70.000000, 70.000000 ]
SHOCK_STIFFNESS = [ 50.000000, 65.000000 ]
SHOCK_VALVING = [ 19.500000, 19.500000 ]
SPRING_PROGRESSION = [ 6.800000, 7.000000 ]
SPRING_STIFFNESS = [ 600.000000, 775.000000 ]
SQUAT_SPEED = 1.000000
SWAYBAR_STIFFNESS = [ 250.000000, 250.000000 ]
TRACK_WIDTH = [ 1.620000, 1.607000 ]
TRAVEL = [ 7.000000, 7.000000 ]
WHEEL_BASE = 2.806000
MASS = 1500.000000
TENSOR_SCALE = [ 1.300000, 3.500000, 1.300000 ]

[tires]
ASPECT_RATIO = [ 30.000000, 30.000000 ]
DYNAMIC_GRIP = [ 1.500000, 1.520000 ]
GRIP_SCALE = [ 1.000000, 1.000000 ]
RIM_SIZE = [ 22.000000, 22.000000 ]
SECTION_WIDTH = [ 305.000000, 305.000000 ]
STATIC_GRIP = [ 1.700000, 1.750000 ]
STEERING = 0.900000
YAW_CONTROL = [ 0.000000, 0.000000, 0.000000, 0.000000 ]
YAW_SPEED = 0.325000
STEERING_RANGE = [ 49.500000, 16.500000, 12.100000, 8.800000, 7.700000, 7.700000, 7.700000, 7.700000, 7.700000, 7.700000 ]

[transmission]
GEAR_RATIO = [ 2.700000, 0.000000, 3.500000, 1.830000, 1.290000, 1.040000, 0.860000, 0.730000 ]
DIFFERENTIAL = [ 0.000000, 0.500000, 0.000000 ]
GEAR_EFFICIENCY = [ 1.000000, 1.000000, 1.000000, 1.000000, 1.000000, 1.000000, 1.000000, 1.000000, 1.000000 ]
TORQUE_CONVERTER = 0.300000
TORQUE_SPLIT = 0.000000
CLUTCH_SLIP = 0.800000
OPTIMAL_SHIFT = 500.000000
SHIFT_SPEED = 0.250000
FINAL_GEAR = 4.250000

[engine]
TORQUE = [ 173.000000, 311.000000, 562.000000, 821.000000, 812.000000, 726.000000, 629.000000, 557.000000, 499.000000 ]
ENGINE_BRAKING = [ 0.700000, 0.800000, 0.900000 ]
FLYWHEEL_MASS = 12.000000
MAX_RPM = 7500.000000
RED_LINE = 6500.000000
IDLE = 800.000000

[induction]
LOW_BOOST = 0.000000
SPOOL_TIME_DOWN = 1.000000
VACUUM = 0.000000
SPOOL = 0.000000
SPOOL_TIME_UP = 1.000000
PSI = 0.000000
HIGH_BOOST = 0.000000

[pvehicle]
HandlingRating = [ 40.000000, 45.000000 ]
brakes_upgrades = 4
chassis_upgrades = 4
engine_upgrades = 4
induction_upgrades = 4
nos_upgrades = 4
tires_upgrades = 4
transmission_upgrades = 4

[nos]
FLOW_RATE = 0.000000
NOS_CAPACITY = 0.000000
NOS_DISENGAGE = 0.000000
RECHARGE_MAX = 0.000000
RECHARGE_MAX_SPEED = 0.000000
RECHARGE_MIN = 0.000000
RECHARGE_MIN_SPEED = 0.000000
TORQUE_BOOST = 0.000000

[nos_1]
FLOW_RATE = 3.000000
NOS_CAPACITY = 2.500000
NOS_DISENGAGE = 2.000000
RECHARGE_MAX = 30.000000
RECHARGE_MAX_SPEED = 100.000000
RECHARGE_MIN = 50.000000
RECHARGE_MIN_SPEED = 50.000000
TORQUE_BOOST = 0.750000

[nos_2]
FLOW_RATE = 3.000000
NOS_CAPACITY = 5.000000
NOS_DISENGAGE = 2.000000
RECHARGE_MAX = 30.000000
RECHARGE_MAX_SPEED = 100.000000
RECHARGE_MIN = 50.000000
RECHARGE_MIN_SPEED = 50.000000
TORQUE_BOOST = 1.000000