[brakes]
BRAKE_LOCK = [ 1.000000, 1.000000 ]
BRAKES = [ 1000.000000, 1000.000000 ]
EBRAKE = 1000.000000

[chassis]
AERO_CG = 50.000000
AERO_COEFFICIENT = 0.350000
DRAG_COEFFICIENT = 0.000000
FRONT_AXLE = 1.700000
FRONT_WEIGHT_BIAS = 50.000000
RENDER_MOTION = 1.000000
RIDE_HEIGHT = [ 8.800000, 8.800000 ]
ROLL_CENTER = 8.840000
SHOCK_BLOWOUT = 8.000000
SHOCK_DIGRESSION = [ 0.100000, 0.100000 ]
SHOCK_EXT_STIFFNESS = [ 40.000000, 40.000000 ]
SHOCK_STIFFNESS = [ 35.000000, 35.000000 ]
SHOCK_VALVING = [ 24.000000, 24.000000 ]
SPRING_PROGRESSION = [ 5.680000, 5.800000 ]
SPRING_STIFFNESS = [ 513.000000, 479.000000 ]
SQUAT_SPEED = 1.000000
SWAYBAR_STIFFNESS = [ 485.329987, 468.200012 ]
TRACK_WIDTH = [ 1.800000, 1.800000 ]
TRAVEL = [ 8.000000, 8.000000 ]
WHEEL_BASE = 3.300000
MASS = 1500.000000
TENSOR_SCALE = [ 1.300000, 3.500000, 1.300000 ]

[tires]
ASPECT_RATIO = [ 35.000000, 30.000000 ]
DYNAMIC_GRIP = [ 1.600000, 1.700000 ]
GRIP_SCALE = [ 1.000000, 1.000000 ]
RIM_SIZE = [ 19.000000, 20.000000 ]
SECTION_WIDTH = [ 265.000000, 335.000000 ]
STATIC_GRIP = [ 1.800000, 1.900000 ]
STEERING = 1.080000
YAW_CONTROL = [ 0.000000, 0.000000, 0.000000, 0.000000 ]
YAW_SPEED = 1.000000
STEERING_RANGE = [ 48.599998, 16.200001, 11.880000, 8.640000, 7.560000, 7.560000, 7.560000, 7.560000, 7.560000, 7.560000 ]

[transmission]
GEAR_RATIO = [ 3.250000, 0.000000, 3.600000, 2.500000, 1.500000, 1.070000, 0.900000, 0.750000 ]
DIFFERENTIAL = [ 0.710000, 0.710000, 0.500000 ]
GEAR_EFFICIENCY = [ 1.000000, 1.000000, 1.000000, 1.000000, 1.000000, 1.000000, 1.000000, 1.000000, 1.000000 ]
TORQUE_CONVERTER = 2.000000
TORQUE_SPLIT = 0.500000
CLUTCH_SLIP = 0.800000
OPTIMAL_SHIFT = 500.000000
SHIFT_SPEED = 0.250000
FINAL_GEAR = 3.250000

[engine]
TORQUE = [ 250.779999, 295.040009, 368.799988, 516.000000, 590.000000, 663.000000, 590.000000, 516.000000, 464.000000 ]
ENGINE_BRAKING = [ 0.750000, 0.820000, 0.800000 ]
FLYWHEEL_MASS = 8.500000
MAX_RPM = 9400.000000
RED_LINE = 8400.000000
IDLE = 800.000000

[induction]
LOW_BOOST = 1.000000
SPOOL_TIME_DOWN = 0.000000
VACUUM = 0.000000
SPOOL = 0.000000
SPOOL_TIME_UP = 0.000000
PSI = 5.000000
HIGH_BOOST = 1.000000

[pvehicle]
brakes_upgrades = 4
chassis_upgrades = 4
engine_upgrades = 4
induction_upgrades = 4
nos_upgrades = 4
tires_upgrades = 4
transmission_upgrades = 4

[nos]
FLOW_RATE = 0.000000
NOS_CAPACITY = 0.000000
NOS_DISENGAGE = 0.000000
RECHARGE_MAX = 0.000000
RECHARGE_MAX_SPEED = 0.000000
RECHARGE_MIN = 0.000000
RECHARGE_MIN_SPEED = 0.000000
TORQUE_BOOST = 0.000000

[nos_1]
FLOW_RATE = 3.000000
NOS_CAPACITY = 2.500000
NOS_DISENGAGE = 2.000000
RECHARGE_MAX = 30.000000
RECHARGE_MAX_SPEED = 100.000000
RECHARGE_MIN = 50.000000
RECHARGE_MIN_SPEED = 50.000000
TORQUE_BOOST = 0.750000

[nos_2]
FLOW_RATE = 3.000000
NOS_CAPACITY = 5.000000
NOS_DISENGAGE = 2.000000
RECHARGE_MAX = 30.000000
RECHARGE_MAX_SPEED = 100.000000
RECHARGE_MIN = 50.000000
RECHARGE_MIN_SPEED = 50.000000
TORQUE_BOOST = 1.000000