[brakes]
BRAKE_LOCK = [ 1.000000, 2.000000 ]
BRAKES = [ 600.000000, 615.000000 ]
EBRAKE = 725.000000

[chassis]
AERO_CG = 46.900002
AERO_COEFFICIENT = 0.195000
DRAG_COEFFICIENT = 0.300000
FRONT_AXLE = 1.285000
FRONT_WEIGHT_BIAS = 56.000000
RENDER_MOTION = 0.750000
RIDE_HEIGHT = [ 11.000000, 11.000000 ]
ROLL_CENTER = 11.500000
SHOCK_BLOWOUT = 6.000000
SHOCK_DIGRESSION = [ 0.350000, 0.350000 ]
SHOCK_EXT_STIFFNESS = [ 60.000000, 63.000000 ]
SHOCK_STIFFNESS = [ 52.000000, 46.000000 ]
SHOCK_VALVING = [ 22.000000, 22.000000 ]
SPRING_PROGRESSION = [ 45.000000, 46.000000 ]
SPRING_STIFFNESS = [ 40.000000, 42.000000 ]
SQUAT_SPEED = 1.000000
SWAYBAR_STIFFNESS = [ 45.000000, 46.000000 ]
TRACK_WIDTH = [ 1.400000, 1.400000 ]
TRAVEL = [ 10.000000, 10.000000 ]
WHEEL_BASE = 2.400000
MASS = 1250.000000
TENSOR_SCALE = [ 1.250000, 3.200000, 1.250000 ]

[tires]
ASPECT_RATIO = [ 60.000000, 60.000000 ]
DYNAMIC_GRIP = [ 1.550000, 1.650000 ]
GRIP_SCALE = [ 1.000000, 1.000000 ]
RIM_SIZE = [ 14.000000, 14.000000 ]
SECTION_WIDTH = [ 195.000000, 195.000000 ]
STATIC_GRIP = [ 1.650000, 1.750000 ]
STEERING = 1.000000
YAW_CONTROL = [ 0.400000, 0.650000, 0.850000, 1.000000 ]
YAW_SPEED = 1.000000
STEERING_RANGE = [ 47.025002, 15.675000, 11.495000, 8.360000, 7.315000, 7.315000, 7.315000, 7.315000, 7.315000, 7.315000 ]

[transmission]
GEAR_RATIO = [ 2.800000, 0.000000, 3.483000, 1.850000, 1.300000, 1.050000, 0.825000 ]
DIFFERENTIAL = [ 0.000000, 0.800000, 0.000000 ]
GEAR_EFFICIENCY = [ 1.000000, 1.000000, 1.000000, 1.000000, 1.000000, 1.000000, 1.000000, 1.000000, 1.000000 ]
TORQUE_CONVERTER = 0.500000
TORQUE_SPLIT = 0.000000
CLUTCH_SLIP = 0.800000
OPTIMAL_SHIFT = 500.000000
SHIFT_SPEED = 0.250000
FINAL_GEAR = 4.550000

[engine]
TORQUE = [ 68.000000, 85.000000, 119.000000, 152.000000, 147.000000, 136.000000, 125.000000, 111.000000, 96.000000 ]
ENGINE_BRAKING = [ 0.700000, 0.850000, 0.900000 ]
FLYWHEEL_MASS = 15.000000
MAX_RPM = 8500.000000
RED_LINE = 7500.000000
IDLE = 800.000000

[induction]
LOW_BOOST = 0.150000
SPOOL_TIME_DOWN = 0.250000
VACUUM = -0.150000
SPOOL = 0.250000
SPOOL_TIME_UP = 3.000000
PSI = 10.000000
HIGH_BOOST = 0.150000

[pvehicle]
HandlingRating = [ 49.000000, 98.000000 ]
brakes_upgrades = 4
chassis_upgrades = 4
engine_upgrades = 4
induction_upgrades = 4
nos_upgrades = 4
tires_upgrades = 4
transmission_upgrades = 4

[nos]
FLOW_RATE = 0.000000
NOS_CAPACITY = 0.000000
NOS_DISENGAGE = 0.000000
RECHARGE_MAX = 0.000000
RECHARGE_MAX_SPEED = 0.000000
RECHARGE_MIN = 0.000000
RECHARGE_MIN_SPEED = 0.000000
TORQUE_BOOST = 0.000000

[nos_1]
FLOW_RATE = 3.000000
NOS_CAPACITY = 2.500000
NOS_DISENGAGE = 2.000000
RECHARGE_MAX = 30.000000
RECHARGE_MAX_SPEED = 100.000000
RECHARGE_MIN = 50.000000
RECHARGE_MIN_SPEED = 50.000000
TORQUE_BOOST = 0.750000

[nos_2]
FLOW_RATE = 3.000000
NOS_CAPACITY = 5.000000
NOS_DISENGAGE = 2.000000
RECHARGE_MAX = 30.000000
RECHARGE_MAX_SPEED = 100.000000
RECHARGE_MIN = 50.000000
RECHARGE_MIN_SPEED = 50.000000
TORQUE_BOOST = 1.000000