[brakes]
BRAKE_LOCK = [ 1.000000, 1.500000 ]
BRAKES = [ 550.000000, 550.000000 ]
EBRAKE = 800.000000

[chassis]
AERO_CG = 47.500000
AERO_COEFFICIENT = 0.195000
DRAG_COEFFICIENT = 0.365000
FRONT_AXLE = 1.500000
FRONT_WEIGHT_BIAS = 56.000000
RENDER_MOTION = 1.000000
RIDE_HEIGHT = [ 11.000000, 11.000000 ]
ROLL_CENTER = 12.000000
SHOCK_BLOWOUT = 5.000000
SHOCK_DIGRESSION = [ 0.200000, 0.200000 ]
SHOCK_EXT_STIFFNESS = [ 46.000000, 48.000000 ]
SHOCK_STIFFNESS = [ 40.000000, 42.000000 ]
SHOCK_VALVING = [ 25.000000, 25.000000 ]
SPRING_PROGRESSION = [ 46.000000, 46.000000 ]
SPRING_STIFFNESS = [ 46.000000, 46.000000 ]
SQUAT_SPEED = 1.000000
SWAYBAR_STIFFNESS = [ 55.000000, 55.000000 ]
TRACK_WIDTH = [ 1.534000, 1.544000 ]
TRAVEL = [ 10.000000, 10.000000 ]
WHEEL_BASE = 2.770000
MASS = 1500.000000
TENSOR_SCALE = [ 1.250000, 2.700000, 1.250000 ]

[tires]
ASPECT_RATIO = [ 45.000000, 45.000000 ]
DYNAMIC_GRIP = [ 1.400000, 1.550000 ]
GRIP_SCALE = [ 1.000000, 1.000000 ]
RIM_SIZE = [ 17.000000, 17.000000 ]
SECTION_WIDTH = [ 215.000000, 215.000000 ]
STATIC_GRIP = [ 1.600000, 1.750000 ]
STEERING = 1.000000
YAW_CONTROL = [ 0.250000, 0.500000, 0.600000, 0.750000 ]
YAW_SPEED = 0.900000
STEERING_RANGE = [ 46.125000, 15.375000, 11.275000, 8.200000, 7.175000, 7.175000, 7.175000, 7.175000, 7.175000, 7.175000 ]

[transmission]
GEAR_RATIO = [ 2.500000, 0.000000, 3.570000, 2.060000, 1.380000, 1.000000, 0.810000 ]
DIFFERENTIAL = [ 0.000000, 0.700000, 0.000000 ]
GEAR_EFFICIENCY = [ 1.000000, 1.000000, 1.000000, 1.000000, 1.000000, 1.000000, 1.000000, 1.000000, 1.000000 ]
TORQUE_CONVERTER = 0.300000
TORQUE_SPLIT = 0.000000
CLUTCH_SLIP = 0.800000
OPTIMAL_SHIFT = 500.000000
SHIFT_SPEED = 0.100000
FINAL_GEAR = 3.700000

[engine]
TORQUE = [ 120.000000, 152.000000, 202.000000, 237.000000, 234.000000, 218.000000, 195.000000, 175.000000, 158.000000 ]
ENGINE_BRAKING = [ 0.700000, 0.800000, 0.900000 ]
FLYWHEEL_MASS = 12.000000
MAX_RPM = 7400.000000
RED_LINE = 6400.000000
IDLE = 800.000000

[induction]
LOW_BOOST = 0.150000
SPOOL_TIME_DOWN = 0.250000
VACUUM = -0.100000
SPOOL = 0.200000
SPOOL_TIME_UP = 2.600000
PSI = 11.000000
HIGH_BOOST = 0.150000

[pvehicle]
HandlingRating = [ 40.000000, 97.000000 ]
brakes_upgrades = 4
chassis_upgrades = 4
engine_upgrades = 4
induction_upgrades = 4
nos_upgrades = 4
tires_upgrades = 4
transmission_upgrades = 4

[nos]
FLOW_RATE = 0.000000
NOS_CAPACITY = 0.000000
NOS_DISENGAGE = 0.000000
RECHARGE_MAX = 0.000000
RECHARGE_MAX_SPEED = 0.000000
RECHARGE_MIN = 0.000000
RECHARGE_MIN_SPEED = 0.000000
TORQUE_BOOST = 0.000000

[nos_1]
FLOW_RATE = 3.000000
NOS_CAPACITY = 2.500000
NOS_DISENGAGE = 2.000000
RECHARGE_MAX = 30.000000
RECHARGE_MAX_SPEED = 100.000000
RECHARGE_MIN = 50.000000
RECHARGE_MIN_SPEED = 50.000000
TORQUE_BOOST = 0.750000

[nos_2]
FLOW_RATE = 3.000000
NOS_CAPACITY = 5.000000
NOS_DISENGAGE = 2.000000
RECHARGE_MAX = 30.000000
RECHARGE_MAX_SPEED = 100.000000
RECHARGE_MIN = 50.000000
RECHARGE_MIN_SPEED = 50.000000
TORQUE_BOOST = 1.000000