[brakes]
BRAKE_LOCK = [ 1.000000, 3.400000 ]
BRAKES = [ 900.000000, 950.000000 ]
EBRAKE = 850.000000

[chassis]
AERO_CG = 50.000000
AERO_COEFFICIENT = 0.200000
DRAG_COEFFICIENT = 0.350000
FRONT_AXLE = 2.370000
FRONT_WEIGHT_BIAS = 50.000000
RENDER_MOTION = 1.000000
RIDE_HEIGHT = [ 10.000000, 10.000000 ]
ROLL_CENTER = 15.000000
SHOCK_BLOWOUT = 6.000000
SHOCK_DIGRESSION = [ 0.600000, 0.600000 ]
SHOCK_EXT_STIFFNESS = [ 80.000000, 80.000000 ]
SHOCK_STIFFNESS = [ 80.000000, 80.000000 ]
SHOCK_VALVING = [ 15.000000, 15.000000 ]
SPRING_PROGRESSION = [ 6.000000, 9.000000 ]
SPRING_STIFFNESS = [ 750.000000, 1000.000000 ]
SQUAT_SPEED = 1.000000
SWAYBAR_STIFFNESS = [ 200.000000, 275.000000 ]
TRACK_WIDTH = [ 2.200000, 2.000000 ]
TRAVEL = [ 9.000000, 9.000000 ]
WHEEL_BASE = 4.900000
MASS = 1500.000000
TENSOR_SCALE = [ 1.300000, 3.500000, 1.300000 ]

[tires]
ASPECT_RATIO = [ 40.000000, 40.000000 ]
DYNAMIC_GRIP = [ 1.400000, 1.400000 ]
GRIP_SCALE = [ 1.000000, 1.000000 ]
RIM_SIZE = [ 22.000000, 22.000000 ]
SECTION_WIDTH = [ 325.000000, 325.000000 ]
STATIC_GRIP = [ 1.600000, 1.600000 ]
STEERING = 0.900000
YAW_CONTROL = [ 0.100000, 0.150000, 0.250000, 0.300000 ]
YAW_SPEED = 0.200000
STEERING_RANGE = [ 49.500000, 16.500000, 12.100000, 8.800000, 7.700000, 7.700000, 7.700000, 7.700000, 7.700000, 7.700000 ]

[transmission]
GEAR_RATIO = [ 2.700000, 0.000000, 3.600000, 1.830000, 1.290000, 1.050000, 0.860000, 0.730000 ]
DIFFERENTIAL = [ 0.000000, 0.450000, 0.000000 ]
GEAR_EFFICIENCY = [ 1.000000, 1.000000, 1.000000, 1.000000, 1.000000, 1.000000, 1.000000, 1.000000, 1.000000 ]
TORQUE_CONVERTER = 0.300000
TORQUE_SPLIT = 0.000000
CLUTCH_SLIP = 0.800000
OPTIMAL_SHIFT = 500.000000
SHIFT_SPEED = 0.250000
FINAL_GEAR = 4.350000

[engine]
TORQUE = [ 126.000000, 226.000000, 409.000000, 598.000000, 592.000000, 529.000000, 453.000000, 396.000000, 352.000000 ]
ENGINE_BRAKING = [ 0.700000, 0.800000, 0.900000 ]
FLYWHEEL_MASS = 15.000000
MAX_RPM = 7000.000000
RED_LINE = 6000.000000
IDLE = 800.000000

[induction]
LOW_BOOST = 0.000000
SPOOL_TIME_DOWN = 1.000000
VACUUM = 0.000000
SPOOL = 0.000000
SPOOL_TIME_UP = 1.000000
PSI = 0.000000
HIGH_BOOST = 0.000000

[pvehicle]
HandlingRating = [ 40.000000, 50.000000 ]
brakes_upgrades = 4
chassis_upgrades = 4
engine_upgrades = 4
induction_upgrades = 4
nos_upgrades = 4
tires_upgrades = 4
transmission_upgrades = 4

[nos]
FLOW_RATE = 0.000000
NOS_CAPACITY = 0.000000
NOS_DISENGAGE = 0.000000
RECHARGE_MAX = 0.000000
RECHARGE_MAX_SPEED = 0.000000
RECHARGE_MIN = 0.000000
RECHARGE_MIN_SPEED = 0.000000
TORQUE_BOOST = 0.000000

[nos_1]
FLOW_RATE = 3.000000
NOS_CAPACITY = 2.500000
NOS_DISENGAGE = 2.000000
RECHARGE_MAX = 30.000000
RECHARGE_MAX_SPEED = 100.000000
RECHARGE_MIN = 50.000000
RECHARGE_MIN_SPEED = 50.000000
TORQUE_BOOST = 0.750000

[nos_2]
FLOW_RATE = 3.000000
NOS_CAPACITY = 5.000000
NOS_DISENGAGE = 2.000000
RECHARGE_MAX = 30.000000
RECHARGE_MAX_SPEED = 100.000000
RECHARGE_MIN = 50.000000
RECHARGE_MIN_SPEED = 50.000000
TORQUE_BOOST = 1.000000