[brakes]
BRAKE_LOCK = [ 1.000000, 2.000000 ]
BRAKES = [ 550.000000, 650.000000 ]
EBRAKE = 950.000000

[chassis]
AERO_CG = 46.000000
AERO_COEFFICIENT = 0.285000
DRAG_COEFFICIENT = 0.285000
FRONT_AXLE = 1.220000
FRONT_WEIGHT_BIAS = 57.000000
RENDER_MOTION = 1.000000
RIDE_HEIGHT = [ 9.000000, 9.000000 ]
ROLL_CENTER = 9.000000
SHOCK_BLOWOUT = 6.000000
SHOCK_DIGRESSION = [ 0.100000, 0.100000 ]
SHOCK_EXT_STIFFNESS = [ 65.000000, 65.000000 ]
SHOCK_STIFFNESS = [ 60.000000, 60.000000 ]
SHOCK_VALVING = [ 25.000000, 25.000000 ]
SPRING_PROGRESSION = [ 80.000000, 80.000000 ]
SPRING_STIFFNESS = [ 75.000000, 75.000000 ]
SQUAT_SPEED = 1.000000
SWAYBAR_STIFFNESS = [ 80.000000, 80.000000 ]
TRACK_WIDTH = [ 1.750000, 1.800000 ]
TRAVEL = [ 10.000000, 10.000000 ]
WHEEL_BASE = 2.730000
MASS = 1280.000000
TENSOR_SCALE = [ 1.250000, 3.800000, 1.250000 ]

[tires]
ASPECT_RATIO = [ 30.000000, 30.000000 ]
DYNAMIC_GRIP = [ 1.780000, 2.100000 ]
GRIP_SCALE = [ 1.000000, 1.000000 ]
RIM_SIZE = [ 20.000000, 20.000000 ]
SECTION_WIDTH = [ 335.000000, 335.000000 ]
STATIC_GRIP = [ 2.000000, 2.300000 ]
STEERING = 1.000000
YAW_CONTROL = [ 0.300000, 0.500000, 0.850000, 1.050000 ]
YAW_SPEED = 1.000000
STEERING_RANGE = [ 40.500000, 13.500000, 9.900000, 7.200000, 6.300000, 6.300000, 6.300000, 6.300000, 6.300000, 6.300000 ]

[transmission]
GEAR_RATIO = [ 2.190000, 0.000000, 2.750000, 1.773000, 1.267000, 1.000000, 0.833000, 0.710000 ]
DIFFERENTIAL = [ 0.000000, 0.750000, 0.000000 ]
GEAR_EFFICIENCY = [ 1.000000, 1.000000, 1.000000, 1.000000, 1.000000, 1.000000, 1.000000, 1.000000, 1.000000 ]
TORQUE_CONVERTER = 0.200000
TORQUE_SPLIT = 0.000000
CLUTCH_SLIP = 0.800000
OPTIMAL_SHIFT = 500.000000
SHIFT_SPEED = 0.250000
FINAL_GEAR = 4.050000

[engine]
TORQUE = [ 200.000000, 250.000000, 300.000000, 350.000000, 400.000000, 450.000000, 400.000000, 350.000000, 300.000000 ]
ENGINE_BRAKING = [ 0.800000, 0.850000, 0.900000 ]
FLYWHEEL_MASS = 11.000000
MAX_RPM = 8000.000000
RED_LINE = 7000.000000
IDLE = 815.000000

[induction]
LOW_BOOST = 0.050000
SPOOL_TIME_DOWN = 0.250000
VACUUM = -0.050000
SPOOL = 0.200000
SPOOL_TIME_UP = 2.200000
PSI = 13.000000
HIGH_BOOST = 0.050000

[pvehicle]
HandlingRating = [ 55.000000, 56.000000 ]
brakes_upgrades = 4
chassis_upgrades = 4
engine_upgrades = 4
induction_upgrades = 4
nos_upgrades = 4
tires_upgrades = 4
transmission_upgrades = 4

[nos]
FLOW_RATE = 0.000000
NOS_CAPACITY = 0.000000
NOS_DISENGAGE = 0.000000
RECHARGE_MAX = 0.000000
RECHARGE_MAX_SPEED = 0.000000
RECHARGE_MIN = 0.000000
RECHARGE_MIN_SPEED = 0.000000
TORQUE_BOOST = 0.000000

[nos_1]
FLOW_RATE = 3.000000
NOS_CAPACITY = 2.500000
NOS_DISENGAGE = 2.000000
RECHARGE_MAX = 30.000000
RECHARGE_MAX_SPEED = 100.000000
RECHARGE_MIN = 50.000000
RECHARGE_MIN_SPEED = 50.000000
TORQUE_BOOST = 0.750000

[nos_2]
FLOW_RATE = 3.000000
NOS_CAPACITY = 5.000000
NOS_DISENGAGE = 2.000000
RECHARGE_MAX = 30.000000
RECHARGE_MAX_SPEED = 100.000000
RECHARGE_MIN = 50.000000
RECHARGE_MIN_SPEED = 50.000000
TORQUE_BOOST = 1.000000