[brakes]
BRAKE_LOCK = [ 1.000000, 2.200000 ]
BRAKES = [ 700.000000, 800.000000 ]
EBRAKE = 1200.000000

[chassis]
AERO_CG = 48.000000
AERO_COEFFICIENT = 0.300000
DRAG_COEFFICIENT = 0.300000
FRONT_AXLE = 1.225000
FRONT_WEIGHT_BIAS = 52.000000
RENDER_MOTION = 0.500000
RIDE_HEIGHT = [ 7.750000, 7.750000 ]
ROLL_CENTER = 8.000000
SHOCK_BLOWOUT = 6.000000
SHOCK_DIGRESSION = [ 0.200000, 0.200000 ]
SHOCK_EXT_STIFFNESS = [ 90.000000, 90.000000 ]
SHOCK_STIFFNESS = [ 72.000000, 80.000000 ]
SHOCK_VALVING = [ 24.000000, 24.000000 ]
SPRING_PROGRESSION = [ 7.000000, 7.000000 ]
SPRING_STIFFNESS = [ 700.000000, 900.000000 ]
SQUAT_SPEED = 1.000000
SWAYBAR_STIFFNESS = [ 300.000000, 390.000000 ]
TRACK_WIDTH = [ 1.635000, 1.695000 ]
TRAVEL = [ 7.000000, 7.000000 ]
WHEEL_BASE = 2.650000
MASS = 1500.000000
TENSOR_SCALE = [ 1.300000, 3.500000, 1.300000 ]

[tires]
ASPECT_RATIO = [ 30.000000, 30.000000 ]
DYNAMIC_GRIP = [ 2.200000, 2.300000 ]
GRIP_SCALE = [ 1.150000, 1.250000 ]
RIM_SIZE = [ 20.000000, 20.000000 ]
SECTION_WIDTH = [ 295.000000, 295.000000 ]
STATIC_GRIP = [ 2.500000, 2.600000 ]
STEERING = 1.050000
YAW_CONTROL = [ 0.400000, 0.600000, 0.800000, 1.000000 ]
YAW_SPEED = 0.320000
STEERING_RANGE = [ 45.000000, 15.000000, 11.000000, 8.000000, 7.000000, 7.000000, 7.000000, 7.000000, 7.000000, 7.000000 ]

[transmission]
GEAR_RATIO = [ 3.200000, 0.000000, 3.820000, 2.050000, 1.410000, 1.120000, 0.920000, 0.750000 ]
DIFFERENTIAL = [ 0.800000, 0.800000, 0.800000 ]
GEAR_EFFICIENCY = [ 1.000000, 1.000000, 1.000000, 1.000000, 1.000000, 1.000000, 1.000000, 1.000000, 1.000000 ]
TORQUE_CONVERTER = 0.800000
TORQUE_SPLIT = 0.500000
CLUTCH_SLIP = 0.800000
OPTIMAL_SHIFT = 500.000000
SHIFT_SPEED = 0.250000
FINAL_GEAR = 2.800000

[engine]
TORQUE = [ 215.000000, 420.000000, 636.000000, 635.000000, 600.000000, 564.000000, 510.000000, 457.000000, 413.000000 ]
ENGINE_BRAKING = [ 0.700000, 0.800000, 0.900000 ]
FLYWHEEL_MASS = 9.000000
MAX_RPM = 8000.000000
RED_LINE = 7000.000000
IDLE = 800.000000

[induction]
LOW_BOOST = 0.100000
SPOOL_TIME_DOWN = 1.000000
VACUUM = -0.050000
SPOOL = 0.200000
SPOOL_TIME_UP = 1.000000
PSI = 15.000000
HIGH_BOOST = 0.100000

[pvehicle]
HandlingRating = [ 0.000000, 0.000000 ]
brakes_upgrades = 4
chassis_upgrades = 4
engine_upgrades = 4
induction_upgrades = 4
nos_upgrades = 4
tires_upgrades = 4
transmission_upgrades = 4

[induction_1]
LOW_BOOST = 0.100000
SPOOL_TIME_DOWN = 0.250000
VACUUM = 0.000000
SPOOL = 0.000000
SPOOL_TIME_UP = 2.000000
PSI = 12.000000
HIGH_BOOST = 0.100000

[nos]
FLOW_RATE = 0.000000
NOS_CAPACITY = 0.000000
NOS_DISENGAGE = 0.000000
RECHARGE_MAX = 0.000000
RECHARGE_MAX_SPEED = 0.000000
RECHARGE_MIN = 0.000000
RECHARGE_MIN_SPEED = 0.000000
TORQUE_BOOST = 0.000000

[nos_1]
FLOW_RATE = 3.000000
NOS_CAPACITY = 2.500000
NOS_DISENGAGE = 2.000000
RECHARGE_MAX = 30.000000
RECHARGE_MAX_SPEED = 100.000000
RECHARGE_MIN = 50.000000
RECHARGE_MIN_SPEED = 50.000000
TORQUE_BOOST = 0.750000

[nos_2]
FLOW_RATE = 3.000000
NOS_CAPACITY = 5.000000
NOS_DISENGAGE = 2.000000
RECHARGE_MAX = 30.000000
RECHARGE_MAX_SPEED = 100.000000
RECHARGE_MIN = 50.000000
RECHARGE_MIN_SPEED = 50.000000
TORQUE_BOOST = 1.000000