[brakes]
BRAKE_LOCK = [ 1.000000, 1.000000 ]
BRAKES = [ 625.000000, 725.000000 ]
EBRAKE = 925.000000

[chassis]
AERO_CG = 48.500000
AERO_COEFFICIENT = 0.210500
DRAG_COEFFICIENT = 0.300000
FRONT_AXLE = 1.225000
FRONT_WEIGHT_BIAS = 54.000000
RENDER_MOTION = 0.500000
RIDE_HEIGHT = [ 10.000000, 10.000000 ]
ROLL_CENTER = 9.000000
SHOCK_BLOWOUT = 6.000000
SHOCK_DIGRESSION = [ 0.250000, 0.250000 ]
SHOCK_EXT_STIFFNESS = [ 65.000000, 65.000000 ]
SHOCK_STIFFNESS = [ 60.000000, 60.000000 ]
SHOCK_VALVING = [ 22.000000, 22.000000 ]
SPRING_PROGRESSION = [ 45.000000, 45.000000 ]
SPRING_STIFFNESS = [ 45.000000, 45.000000 ]
SQUAT_SPEED = 1.000000
SWAYBAR_STIFFNESS = [ 50.000000, 50.000000 ]
TRACK_WIDTH = [ 1.635000, 1.695000 ]
TRAVEL = [ 10.000000, 10.000000 ]
WHEEL_BASE = 2.650000
MASS = 1550.000000
TENSOR_SCALE = [ 1.250000, 2.500000, 1.250000 ]

[tires]
ASPECT_RATIO = [ 30.000000, 30.000000 ]
DYNAMIC_GRIP = [ 1.750000, 1.950000 ]
GRIP_SCALE = [ 1.010000, 1.010000 ]
RIM_SIZE = [ 20.000000, 20.000000 ]
SECTION_WIDTH = [ 295.000000, 295.000000 ]
STATIC_GRIP = [ 1.920000, 2.125000 ]
STEERING = 1.000000
YAW_CONTROL = [ 0.100000, 0.200000, 0.300000, 0.500000 ]
YAW_SPEED = 0.750000
STEERING_RANGE = [ 45.000000, 15.000000, 11.000000, 8.000000, 7.000000, 7.000000, 7.000000, 7.000000, 7.000000, 7.000000 ]

[transmission]
GEAR_RATIO = [ 2.800000, 0.000000, 2.940000, 2.056000, 1.520000, 1.179000, 0.970000, 0.820000 ]
DIFFERENTIAL = [ 0.500000, 0.500000, 0.500000 ]
GEAR_EFFICIENCY = [ 1.000000, 1.000000, 1.000000, 1.000000, 1.000000, 1.000000, 1.000000, 1.000000, 1.000000 ]
TORQUE_CONVERTER = 0.300000
TORQUE_SPLIT = 0.500000
CLUTCH_SLIP = 0.800000
OPTIMAL_SHIFT = 500.000000
SHIFT_SPEED = 0.250000
FINAL_GEAR = 3.550000

[engine]
TORQUE = [ 116.000000, 228.000000, 346.000000, 343.000000, 326.000000, 306.000000, 276.000000, 247.000000, 224.000000 ]
ENGINE_BRAKING = [ 0.700000, 0.800000, 0.900000 ]
FLYWHEEL_MASS = 10.000000
MAX_RPM = 8000.000000
RED_LINE = 7000.000000
IDLE = 800.000000

[induction]
LOW_BOOST = 0.150000
SPOOL_TIME_DOWN = 1.000000
VACUUM = -0.050000
SPOOL = 0.200000
SPOOL_TIME_UP = 1.000000
PSI = 15.000000
HIGH_BOOST = 0.150000

[pvehicle]
HandlingRating = [ 90.000000, 91.000000 ]
brakes_upgrades = 4
chassis_upgrades = 4
engine_upgrades = 4
induction_upgrades = 4
nos_upgrades = 4
tires_upgrades = 4
transmission_upgrades = 4

[nos]
FLOW_RATE = 0.000000
NOS_CAPACITY = 0.000000
NOS_DISENGAGE = 0.000000
RECHARGE_MAX = 0.000000
RECHARGE_MAX_SPEED = 0.000000
RECHARGE_MIN = 0.000000
RECHARGE_MIN_SPEED = 0.000000
TORQUE_BOOST = 0.000000

[nos_1]
FLOW_RATE = 3.000000
NOS_CAPACITY = 2.500000
NOS_DISENGAGE = 2.000000
RECHARGE_MAX = 30.000000
RECHARGE_MAX_SPEED = 100.000000
RECHARGE_MIN = 50.000000
RECHARGE_MIN_SPEED = 50.000000
TORQUE_BOOST = 0.750000

[nos_2]
FLOW_RATE = 3.000000
NOS_CAPACITY = 5.000000
NOS_DISENGAGE = 2.000000
RECHARGE_MAX = 30.000000
RECHARGE_MAX_SPEED = 100.000000
RECHARGE_MIN = 50.000000
RECHARGE_MIN_SPEED = 50.000000
TORQUE_BOOST = 1.000000