[brakes]
BRAKE_LOCK = [ 1.000000, 1.000000 ]
BRAKES = [ 1553.000000, 1553.000000 ]
EBRAKE = 2000.000000

[chassis]
AERO_CG = 50.000000
AERO_COEFFICIENT = 0.150000
DRAG_COEFFICIENT = 0.300000
FRONT_AXLE = 3.000000
FRONT_WEIGHT_BIAS = 30.000000
RENDER_MOTION = 1.000000
RIDE_HEIGHT = [ 18.000000, 22.000000 ]
ROLL_CENTER = 45.000000
SHOCK_BLOWOUT = 8.000000
SHOCK_DIGRESSION = [ 0.500000, 0.500000 ]
SHOCK_EXT_STIFFNESS = [ 150.000000, 150.000000 ]
SHOCK_STIFFNESS = [ 200.000000, 300.000000 ]
SHOCK_VALVING = [ 10.000000, 10.000000 ]
SPRING_PROGRESSION = [ 8.000000, 8.000000 ]
SPRING_STIFFNESS = [ 1500.000000, 2000.000000 ]
SQUAT_SPEED = 1.000000
SWAYBAR_STIFFNESS = [ 500.000000, 750.000000 ]
TRACK_WIDTH = [ 3.000000, 3.000000 ]
TRAVEL = [ 18.000000, 18.000000 ]
WHEEL_BASE = 5.800000
MASS = 1500.000000
TENSOR_SCALE = [ 1.300000, 3.500000, 1.300000 ]

[tires]
ASPECT_RATIO = [ 40.000000, 40.000000 ]
DYNAMIC_GRIP = [ 1.900000, 2.000000 ]
GRIP_SCALE = [ 1.000000, 1.000000 ]
RIM_SIZE = [ 24.000000, 24.000000 ]
SECTION_WIDTH = [ 380.000000, 380.000000 ]
STATIC_GRIP = [ 2.100000, 2.200000 ]
STEERING = 1.100000
YAW_CONTROL = [ 0.000000, 0.000000, 0.000000, 0.000000 ]
YAW_SPEED = 1.000000
STEERING_RANGE = [ 45.000000, 15.000000, 11.000000, 8.000000, 7.000000, 7.000000, 7.000000, 7.000000, 7.000000, 7.000000 ]

[transmission]
GEAR_RATIO = [ 4.500000, 0.000000, 4.500000, 3.000000, 2.500000, 2.000000, 1.500000, 1.000000 ]
DIFFERENTIAL = [ 0.800000, 0.800000, 0.000000 ]
GEAR_EFFICIENCY = [ 1.000000, 1.000000, 1.000000, 1.000000, 1.000000, 1.000000, 1.000000, 1.000000, 1.000000 ]
TORQUE_CONVERTER = 1.500000
TORQUE_SPLIT = 0.500000
CLUTCH_SLIP = 0.800000
OPTIMAL_SHIFT = 500.000000
SHIFT_SPEED = 0.500000
FINAL_GEAR = 5.000000

[engine]
TORQUE = [ 900.000000, 950.000000, 1000.000000, 1100.000000, 1400.000000, 1000.000000, 800.000000, 700.000000, 500.000000 ]
ENGINE_BRAKING = 0.800000
FLYWHEEL_MASS = 10.000000
MAX_RPM = 10000.000000
RED_LINE = 9000.000000
IDLE = 1500.000000

[pvehicle]
brakes_upgrades = 4
chassis_upgrades = 4
engine_upgrades = 4
induction_upgrades = 4
nos_upgrades = 4
tires_upgrades = 4
transmission_upgrades = 4

[nos]
FLOW_RATE = 0.000000
NOS_CAPACITY = 0.000000
NOS_DISENGAGE = 0.000000
RECHARGE_MAX = 0.000000
RECHARGE_MAX_SPEED = 0.000000
RECHARGE_MIN = 0.000000
RECHARGE_MIN_SPEED = 0.000000
TORQUE_BOOST = 0.000000

[nos_1]
FLOW_RATE = 3.000000
NOS_CAPACITY = 2.500000
NOS_DISENGAGE = 2.000000
RECHARGE_MAX = 30.000000
RECHARGE_MAX_SPEED = 100.000000
RECHARGE_MIN = 50.000000
RECHARGE_MIN_SPEED = 50.000000
TORQUE_BOOST = 0.750000

[nos_2]
FLOW_RATE = 3.000000
NOS_CAPACITY = 5.000000
NOS_DISENGAGE = 2.000000
RECHARGE_MAX = 30.000000
RECHARGE_MAX_SPEED = 100.000000
RECHARGE_MIN = 50.000000
RECHARGE_MIN_SPEED = 50.000000
TORQUE_BOOST = 1.000000