[brakes]
BRAKE_LOCK = [ 1.000000, 3.500000 ]
BRAKES = [ 300.000000, 550.000000 ]
EBRAKE = 650.000000

[chassis]
AERO_CG = 50.000000
AERO_COEFFICIENT = 0.200000
DRAG_COEFFICIENT = 0.350000
FRONT_AXLE = 2.500000
FRONT_WEIGHT_BIAS = 53.000000
RENDER_MOTION = 1.000000
RIDE_HEIGHT = [ 8.500000, 8.500000 ]
ROLL_CENTER = 20.000000
SHOCK_BLOWOUT = 8.000000
SHOCK_DIGRESSION = [ 0.220000, 0.220000 ]
SHOCK_EXT_STIFFNESS = [ 90.000000, 90.000000 ]
SHOCK_STIFFNESS = [ 80.000000, 80.000000 ]
SHOCK_VALVING = [ 18.000000, 18.000000 ]
SPRING_PROGRESSION = [ 6.000000, 6.000000 ]
SPRING_STIFFNESS = [ 850.000000, 850.000000 ]
SQUAT_SPEED = 1.000000
SWAYBAR_STIFFNESS = [ 275.000000, 275.000000 ]
TRACK_WIDTH = [ 2.350000, 2.350000 ]
TRAVEL = [ 7.000000, 7.000000 ]
WHEEL_BASE = 4.500000
MASS = 1500.000000
TENSOR_SCALE = [ 1.300000, 3.500000, 1.300000 ]

[tires]
ASPECT_RATIO = [ 30.000000, 30.000000 ]
DYNAMIC_GRIP = [ 1.700000, 1.900000 ]
GRIP_SCALE = [ 3.000000, 3.000000 ]
RIM_SIZE = [ 18.000000, 18.000000 ]
SECTION_WIDTH = [ 295.000000, 295.000000 ]
STATIC_GRIP = [ 1.900000, 2.100000 ]
STEERING = 0.700000
YAW_CONTROL = [ 1.000000, 1.000000, 1.000000, 1.000000 ]
YAW_SPEED = 0.400000
STEERING_RANGE = [ 45.000000, 15.000000, 11.000000, 8.000000, 7.000000, 7.000000, 7.000000, 7.000000, 7.000000, 7.000000 ]

[transmission]
GEAR_RATIO = [ 3.200000, 0.000000, 3.820000, 2.050000, 1.410000, 1.120000, 0.920000, 0.750000 ]
DIFFERENTIAL = [ 0.700000, 0.700000, 0.000000 ]
GEAR_EFFICIENCY = [ 1.000000, 1.000000, 1.000000, 1.000000, 1.000000, 1.000000, 1.000000, 1.000000, 1.000000 ]
TORQUE_CONVERTER = 1.500000
TORQUE_SPLIT = 1.000000
CLUTCH_SLIP = 0.800000
OPTIMAL_SHIFT = 500.000000
SHIFT_SPEED = 0.250000
FINAL_GEAR = 3.440000

[engine]
TORQUE = [ 840.000000, 1520.000000, 2400.000000, 3120.000000, 2640.000000, 2240.000000, 1960.000000, 1800.000000, 1760.000000 ]
ENGINE_BRAKING = [ 0.930000, 0.850000, 0.860000 ]
FLYWHEEL_MASS = 10.000000
MAX_RPM = 11000.000000
RED_LINE = 10000.000000
IDLE = 950.000000

[pvehicle]
brakes_upgrades = 4
chassis_upgrades = 4
engine_upgrades = 4
induction_upgrades = 4
nos_upgrades = 4
tires_upgrades = 4
transmission_upgrades = 4

[nos]
FLOW_RATE = 0.000000
NOS_CAPACITY = 0.000000
NOS_DISENGAGE = 0.000000
RECHARGE_MAX = 0.000000
RECHARGE_MAX_SPEED = 0.000000
RECHARGE_MIN = 0.000000
RECHARGE_MIN_SPEED = 0.000000
TORQUE_BOOST = 0.000000

[nos_1]
FLOW_RATE = 3.000000
NOS_CAPACITY = 2.500000
NOS_DISENGAGE = 2.000000
RECHARGE_MAX = 30.000000
RECHARGE_MAX_SPEED = 100.000000
RECHARGE_MIN = 50.000000
RECHARGE_MIN_SPEED = 50.000000
TORQUE_BOOST = 0.750000

[nos_2]
FLOW_RATE = 3.000000
NOS_CAPACITY = 5.000000
NOS_DISENGAGE = 2.000000
RECHARGE_MAX = 30.000000
RECHARGE_MAX_SPEED = 100.000000
RECHARGE_MIN = 50.000000
RECHARGE_MIN_SPEED = 50.000000
TORQUE_BOOST = 1.000000