[brakes]
BRAKE_LOCK = [ 1.000000, 3.250000 ]
BRAKES = [ 400.000000, 575.000000 ]
EBRAKE = 700.000000

[chassis]
AERO_CG = 48.000000
AERO_COEFFICIENT = 0.250000
DRAG_COEFFICIENT = 0.390000
FRONT_AXLE = 1.150000
FRONT_WEIGHT_BIAS = 53.000000
RENDER_MOTION = 0.500000
RIDE_HEIGHT = [ 8.850000, 8.850000 ]
ROLL_CENTER = 9.000000
SHOCK_BLOWOUT = 8.000000
SHOCK_DIGRESSION = [ 0.100000, 0.100000 ]
SHOCK_EXT_STIFFNESS = [ 70.000000, 65.000000 ]
SHOCK_STIFFNESS = [ 65.000000, 60.000000 ]
SHOCK_VALVING = [ 24.000000, 24.000000 ]
SPRING_PROGRESSION = [ 7.500000, 7.500000 ]
SPRING_STIFFNESS = [ 650.000000, 550.000000 ]
SWAYBAR_STIFFNESS = [ 350.000000, 350.000000 ]
TRACK_WIDTH = [ 1.524000, 1.513000 ]
TRAVEL = [ 7.000000, 7.000000 ]
WHEEL_BASE = 2.429000

[tires]
ASPECT_RATIO = [ 40.000000, 40.000000 ]
DYNAMIC_GRIP = [ 1.750000, 1.900000 ]
GRIP_SCALE = [ 1.000000, 1.010000 ]
RIM_SIZE = [ 19.000000, 19.000000 ]
SECTION_WIDTH = [ 225.000000, 225.000000 ]
STATIC_GRIP = [ 1.950000, 2.100000 ]
STEERING = 1.000000
YAW_CONTROL = [ 0.200000, 0.550000, 0.700000, 1.000000 ]
YAW_SPEED = 0.425000

[transmission]
GEAR_RATIO = [ 2.725000, 0.000000, 3.357000, 2.087000, 1.469000, 1.088000, 0.850000, 0.700000 ]
DIFFERENTIAL = [ 0.800000, 0.800000, 0.500000 ]
GEAR_EFFICIENCY = [ 1.000000, 1.000000, 1.000000, 1.000000, 1.000000, 1.000000, 1.000000, 1.000000, 1.000000 ]
TORQUE_CONVERTER = 0.200000
TORQUE_SPLIT = 0.500000
CLUTCH_SLIP = 0.750000
OPTIMAL_SHIFT = 500.000000
SHIFT_SPEED = 0.250000
FINAL_GEAR = 3.300000

[engine]
TORQUE = [ 189.000000, 345.000000, 544.000000, 558.000000, 497.000000, 449.000000, 425.000000, 414.000000, 402.000000 ]
ENGINE_BRAKING = [ 0.700000, 0.800000, 0.900000 ]
FLYWHEEL_MASS = 14.000000
MAX_RPM = 8000.000000
RED_LINE = 7000.000000
IDLE = 800.000000

[induction]
LOW_BOOST = 0.250000
SPOOL_TIME_DOWN = 0.250000
VACUUM = -0.050000
SPOOL = 0.200000
SPOOL_TIME_UP = 1.750000
PSI = 15.000000
HIGH_BOOST = 0.250000

[pvehicle]
TENSOR_SCALE = [ 1.000000, 2.000000, 1.000000 ]
MASS = 1523.000000