[brakes]
BRAKE_LOCK = [ 1.000000, 3.400000 ]
BRAKES = [ 525.000000, 550.000000 ]
EBRAKE = 600.000000

[chassis]
AERO_CG = 46.000000
AERO_COEFFICIENT = 0.190000
DRAG_COEFFICIENT = 0.300000
FRONT_AXLE = 1.285000
FRONT_WEIGHT_BIAS = 53.000000
RENDER_MOTION = 1.000000
RIDE_HEIGHT = [ 9.000000, 9.000000 ]
ROLL_CENTER = 10.000000
SHOCK_BLOWOUT = 6.000000
SHOCK_DIGRESSION = [ 0.400000, 0.400000 ]
SHOCK_EXT_STIFFNESS = [ 55.000000, 60.000000 ]
SHOCK_STIFFNESS = [ 45.000000, 40.000000 ]
SHOCK_VALVING = [ 12.000000, 12.000000 ]
SPRING_PROGRESSION = [ 5.750000, 6.000000 ]
SPRING_STIFFNESS = [ 400.000000, 350.000000 ]
SQUAT_SPEED = 1.000000
SWAYBAR_STIFFNESS = [ 150.000000, 175.000000 ]
TRACK_WIDTH = [ 1.400000, 1.400000 ]
TRAVEL = [ 7.000000, 7.000000 ]
WHEEL_BASE = 2.400000

[tires]
ASPECT_RATIO = [ 60.000000, 60.000000 ]
DYNAMIC_GRIP = [ 1.300000, 1.450000 ]
GRIP_SCALE = [ 1.055000, 1.075000 ]
RIM_SIZE = [ 14.000000, 14.000000 ]
SECTION_WIDTH = [ 195.000000, 195.000000 ]
STATIC_GRIP = [ 1.500000, 1.650000 ]
STEERING = 0.950000
YAW_CONTROL = [ 0.400000, 0.650000, 0.850000, 1.000000 ]
YAW_SPEED = 0.300000
STEERING_RANGE = [ 47.025002, 15.675000, 11.495000, 8.360000, 7.315000, 7.315000, 7.315000, 7.315000, 7.315000, 7.315000 ]

[transmission]
GEAR_RATIO = [ 2.800000, 0.000000, 3.483000, 1.850000, 1.300000, 1.000000, 0.785000 ]
DIFFERENTIAL = [ 0.000000, 0.800000, 0.000000 ]
GEAR_EFFICIENCY = [ 1.000000, 1.000000, 1.000000, 1.000000, 1.000000, 1.000000, 1.000000, 1.000000, 1.000000 ]
TORQUE_CONVERTER = 0.500000
TORQUE_SPLIT = 0.000000
CLUTCH_SLIP = 0.800000
OPTIMAL_SHIFT = 500.000000
SHIFT_SPEED = 0.250000
FINAL_GEAR = 4.200000

[engine]
TORQUE = [ 80.000000, 98.000000, 144.000000, 177.000000, 175.000000, 160.000000, 142.000000, 128.000000, 116.000000 ]
ENGINE_BRAKING = [ 0.700000, 0.850000, 0.900000 ]
FLYWHEEL_MASS = 15.000000
MAX_RPM = 8500.000000
RED_LINE = 7500.000000
IDLE = 800.000000

[induction]
LOW_BOOST = 0.000000
SPOOL_TIME_DOWN = 1.000000
VACUUM = 0.000000
SPOOL = 0.000000
SPOOL_TIME_UP = 1.000000
PSI = 0.000000
HIGH_BOOST = 0.000000

[nos]
FLOW_RATE = 3.000000
NOS_CAPACITY = 5.000000
NOS_DISENGAGE = 2.000000
RECHARGE_MAX = 30.000000
RECHARGE_MAX_SPEED = 100.000000
RECHARGE_MIN = 50.000000
RECHARGE_MIN_SPEED = 50.000000
TORQUE_BOOST = 1.000000

[pvehicle]
brakes_upgrades = 0
chassis_upgrades = 0
engine_upgrades = 0
induction_upgrades = 0
MASS = 998.000000
nos_upgrades = 0
TENSOR_SCALE = [ 1.000000, 2.000000, 1.000000 ]
tires_upgrades = 0
transmission_upgrades = 0
HandlingRating = [ 49.000000, 98.000000 ]

[frontend]
Cost = 15000