[brakes]
BRAKE_LOCK = [ 1.000000, 3.600000 ]
BRAKES = [ 300.000000, 500.000000 ]
EBRAKE = 800.000000

[chassis]
AERO_CG = 47.000000
AERO_COEFFICIENT = 0.255000
DRAG_COEFFICIENT = 0.340000
FRONT_AXLE = 1.130000
FRONT_WEIGHT_BIAS = 54.000000
RENDER_MOTION = 1.000000
RIDE_HEIGHT = [ 8.500000, 8.500000 ]
ROLL_CENTER = 9.000000
SHOCK_BLOWOUT = 8.000000
SHOCK_DIGRESSION = [ 0.300000, 0.300000 ]
SHOCK_EXT_STIFFNESS = [ 80.000000, 80.000000 ]
SHOCK_STIFFNESS = [ 65.000000, 60.000000 ]
SHOCK_VALVING = [ 24.000000, 24.000000 ]
SPRING_PROGRESSION = [ 9.000000, 9.000000 ]
SPRING_STIFFNESS = [ 430.000000, 420.000000 ]
SWAYBAR_STIFFNESS = [ 300.000000, 320.000000 ]
TRACK_WIDTH = [ 1.485000, 1.520000 ]
TRAVEL = [ 6.500000, 6.500000 ]
WHEEL_BASE = 2.355000

[tires]
ASPECT_RATIO = [ 30.000000, 30.000000 ]
DYNAMIC_GRIP = [ 1.850000, 1.850000 ]
GRIP_SCALE = [ 1.000000, 1.000000 ]
RIM_SIZE = [ 18.000000, 18.000000 ]
SECTION_WIDTH = [ 315.000000, 315.000000 ]
STATIC_GRIP = [ 2.075000, 2.100000 ]
STEERING = 1.000000
YAW_CONTROL = [ 0.100000, 0.500000, 0.800000, 1.000000 ]
YAW_SPEED = 0.400000

[transmission]
GEAR_RATIO = [ 2.600000, 0.000000, 3.820000, 2.050000, 1.410000, 1.120000, 0.920000, 0.750000 ]
DIFFERENTIAL = [ 0.700000, 0.700000, 0.000000 ]
GEAR_EFFICIENCY = [ 1.000000, 1.000000, 1.000000, 1.000000, 1.000000, 1.000000, 1.000000, 1.000000, 1.000000 ]
TORQUE_CONVERTER = 0.300000
TORQUE_SPLIT = 0.000000
CLUTCH_SLIP = 0.700000
OPTIMAL_SHIFT = 500.000000
SHIFT_SPEED = 0.250000
FINAL_GEAR = 3.440000

[engine]
TORQUE = [ 150.000000, 235.000000, 350.000000, 435.000000, 410.000000, 353.000000, 319.000000, 297.000000, 292.000000 ]
ENGINE_BRAKING = [ 0.700000, 0.800000, 0.900000 ]
FLYWHEEL_MASS = 10.000000
MAX_RPM = 7750.000000
RED_LINE = 6750.000000
IDLE = 950.000000

[induction]
LOW_BOOST = 0.100000
SPOOL_TIME_DOWN = 0.250000
VACUUM = -0.100000
SPOOL = 0.100000
SPOOL_TIME_UP = 1.500000
PSI = 15.000000
HIGH_BOOST = 0.050000

[nos]
FLOW_RATE = 3.000000
NOS_CAPACITY = 2.500000
NOS_DISENGAGE = 2.000000
RECHARGE_MAX = 30.000000
RECHARGE_MAX_SPEED = 100.000000
RECHARGE_MIN = 50.000000
RECHARGE_MIN_SPEED = 50.000000
TORQUE_BOOST = 0.750000

[pvehicle]
brakes_upgrades = 0
chassis_upgrades = 0
engine_upgrades = 0
induction_upgrades = 0
MASS = 1440.000000
nos_upgrades = 0
TENSOR_SCALE = [ 1.000000, 2.000000, 1.000000 ]
tires_upgrades = 0
transmission_upgrades = 0
HandlingRating = [ 86.000000, 100.000000 ]

[frontend]
Cost = 0

[nos_1]
FLOW_RATE = 3.000000
NOS_CAPACITY = 5.000000
NOS_DISENGAGE = 2.000000
RECHARGE_MAX = 30.000000
RECHARGE_MAX_SPEED = 100.000000
RECHARGE_MIN = 50.000000
RECHARGE_MIN_SPEED = 50.000000
TORQUE_BOOST = 1.000000