[brakes]
BRAKE_LOCK = [ 1.000000, 3.500000 ]
BRAKES = [ 475.000000, 600.000000 ]
EBRAKE = 900.000000

[chassis]
AERO_CG = 47.000000
AERO_COEFFICIENT = 0.270000
DRAG_COEFFICIENT = 0.300000
FRONT_AXLE = 1.324500
FRONT_WEIGHT_BIAS = 53.849998
RENDER_MOTION = 1.000000
RIDE_HEIGHT = [ 8.000000, 8.000000 ]
ROLL_CENTER = 8.750000
SHOCK_BLOWOUT = 5.000000
SHOCK_DIGRESSION = [ 0.100000, 0.100000 ]
SHOCK_EXT_STIFFNESS = [ 80.000000, 80.000000 ]
SHOCK_STIFFNESS = [ 60.000000, 60.000000 ]
SHOCK_VALVING = [ 20.000000, 20.000000 ]
SPRING_PROGRESSION = [ 7.750000, 8.000000 ]
SPRING_STIFFNESS = [ 700.000000, 700.000000 ]
SWAYBAR_STIFFNESS = [ 250.000000, 250.000000 ]
TRACK_WIDTH = [ 1.577000, 1.542000 ]
TRAVEL = [ 5.500000, 5.500000 ]
WHEEL_BASE = 2.686000

[tires]
ASPECT_RATIO = [ 30.000000, 30.000000 ]
DYNAMIC_GRIP = [ 1.800000, 1.800000 ]
GRIP_SCALE = [ 1.050000, 1.100000 ]
RIM_SIZE = [ 19.000000, 19.000000 ]
SECTION_WIDTH = [ 325.000000, 325.000000 ]
STATIC_GRIP = [ 2.100000, 2.200000 ]
STEERING = 1.000000
YAW_CONTROL = [ 0.150000, 0.750000, 1.000000, 1.250000 ]
YAW_SPEED = 0.300000

[transmission]
GEAR_RATIO = [ 2.500000, 0.000000, 2.970000, 1.900000, 1.430000, 1.100000, 0.900000, 0.750000 ]
DIFFERENTIAL = [ 0.600000, 0.600000, 0.000000 ]
GEAR_EFFICIENCY = [ 1.000000, 1.000000, 0.900000, 1.000000, 1.000000, 1.000000, 1.000000, 1.000000, 1.000000 ]
TORQUE_CONVERTER = 0.400000
TORQUE_SPLIT = 0.000000
CLUTCH_SLIP = 0.800000
OPTIMAL_SHIFT = 500.000000
SHIFT_SPEED = 0.250000
FINAL_GEAR = 3.100000

[engine]
TORQUE = [ 153.000000, 225.000000, 333.000000, 518.000000, 577.000000, 523.000000, 451.000000, 397.000000, 352.000000 ]
ENGINE_BRAKING = [ 0.700000, 0.800000, 0.900000 ]
FLYWHEEL_MASS = 14.000000
MAX_RPM = 8000.000000
RED_LINE = 7000.000000
IDLE = 800.000000

[induction]
LOW_BOOST = 0.000000
SPOOL_TIME_DOWN = 1.000000
VACUUM = 0.000000
SPOOL = 0.000000
SPOOL_TIME_UP = 1.000000
PSI = 0.000000
HIGH_BOOST = 0.000000

[nos]
FLOW_RATE = 3.000000
NOS_CAPACITY = 2.500000
NOS_DISENGAGE = 2.000000
RECHARGE_MAX = 30.000000
RECHARGE_MAX_SPEED = 100.000000
RECHARGE_MIN = 50.000000
RECHARGE_MIN_SPEED = 50.000000
TORQUE_BOOST = 0.750000

[pvehicle]
brakes_upgrades = 0
chassis_upgrades = 0
engine_upgrades = 0
induction_upgrades = 0
MASS = 1300.000000
nos_upgrades = 3
TENSOR_SCALE = [ 1.000000, 2.000000, 1.000000 ]
tires_upgrades = 0
transmission_upgrades = 0
HandlingRating = [ 95.000000, 100.000000 ]

[frontend]
Cost = 0

[nos_1]
FLOW_RATE = 3.000000
NOS_CAPACITY = 5.000000
NOS_DISENGAGE = 2.000000
RECHARGE_MAX = 30.000000
RECHARGE_MAX_SPEED = 100.000000
RECHARGE_MIN = 50.000000
RECHARGE_MIN_SPEED = 50.000000
TORQUE_BOOST = 1.000000