[brakes]
BRAKE_LOCK = [ 1.000000, 3.300000 ]
BRAKES = [ 500.000000, 650.000000 ]
EBRAKE = 850.000000

[chassis]
AERO_CG = 48.000000
AERO_COEFFICIENT = 0.175000
DRAG_COEFFICIENT = 0.380000
FRONT_AXLE = 1.580000
FRONT_WEIGHT_BIAS = 53.000000
RENDER_MOTION = 0.500000
RIDE_HEIGHT = [ 11.000000, 11.000000 ]
ROLL_CENTER = 13.000000
SHOCK_BLOWOUT = 6.000000
SHOCK_DIGRESSION = [ 0.110000, 0.110000 ]
SHOCK_EXT_STIFFNESS = [ 75.000000, 75.000000 ]
SHOCK_STIFFNESS = [ 60.000000, 60.000000 ]
SHOCK_VALVING = [ 24.000000, 24.000000 ]
SPRING_PROGRESSION = [ 7.500000, 7.000000 ]
SPRING_STIFFNESS = [ 775.000000, 800.000000 ]
SWAYBAR_STIFFNESS = [ 250.000000, 250.000000 ]
TRACK_WIDTH = [ 1.612000, 1.587000 ]
TRAVEL = [ 7.000000, 7.000000 ]
WHEEL_BASE = 2.950000

[tires]
ASPECT_RATIO = [ 55.000000, 55.000000 ]
DYNAMIC_GRIP = [ 1.600000, 1.800000 ]
GRIP_SCALE = [ 1.000000, 1.000000 ]
RIM_SIZE = [ 20.000000, 20.000000 ]
SECTION_WIDTH = [ 275.000000, 275.000000 ]
STATIC_GRIP = [ 1.900000, 2.000000 ]
STEERING = 1.000000
YAW_CONTROL = [ 0.000000, 0.300000, 0.400000, 0.600000 ]
YAW_SPEED = 0.300000

[transmission]
GEAR_RATIO = [ 3.000000, 0.000000, 3.570000, 2.040000, 1.340000, 1.000000, 0.850000 ]
DIFFERENTIAL = [ 0.750000, 0.750000, 0.000000 ]
GEAR_EFFICIENCY = [ 1.000000, 1.000000, 1.000000, 1.000000, 1.000000, 1.000000, 1.000000, 1.000000, 1.000000 ]
TORQUE_CONVERTER = 0.700000
TORQUE_SPLIT = 0.000000
CLUTCH_SLIP = 0.800000
OPTIMAL_SHIFT = 500.000000
SHIFT_SPEED = 0.250000
FINAL_GEAR = 3.300000

[engine]
TORQUE = [ 90.000000, 135.000000, 216.000000, 284.000000, 277.000000, 256.000000, 227.000000, 209.000000, 198.000000 ]
ENGINE_BRAKING = [ 0.700000, 0.800000, 0.900000 ]
FLYWHEEL_MASS = 14.000000
MAX_RPM = 7700.000000
RED_LINE = 6700.000000
IDLE = 800.000000

[induction]
LOW_BOOST = 0.000000
SPOOL_TIME_DOWN = 1.000000
VACUUM = 0.000000
SPOOL = 0.000000
SPOOL_TIME_UP = 1.000000
PSI = 0.000000
HIGH_BOOST = 0.000000

[nos]
FLOW_RATE = 3.000000
NOS_CAPACITY = 2.500000
NOS_DISENGAGE = 2.000000
RECHARGE_MAX = 30.000000
RECHARGE_MAX_SPEED = 100.000000
RECHARGE_MIN = 50.000000
RECHARGE_MIN_SPEED = 50.000000
TORQUE_BOOST = 0.750000

[pvehicle]
brakes_upgrades = 0
chassis_upgrades = 0
engine_upgrades = 0
induction_upgrades = 0
MASS = 1595.000000
nos_upgrades = 0
TENSOR_SCALE = [ 1.000000, 2.500000, 1.000000 ]
tires_upgrades = 0
transmission_upgrades = 0

[frontend]
Cost = 0