[brakes]
BRAKE_LOCK = [ 1.000000, 3.500000 ]
BRAKES = [ 300.000000, 550.000000 ]
EBRAKE = 1500.000000

[chassis]
AERO_CG = 48.500000
AERO_COEFFICIENT = 0.260000
DRAG_COEFFICIENT = 0.350000
FRONT_AXLE = 2.700000
FRONT_WEIGHT_BIAS = 40.000000
RENDER_MOTION = 1.000000
RIDE_HEIGHT = [ 10.000000, 10.000000 ]
ROLL_CENTER = 36.000000
SHOCK_BLOWOUT = 8.000000
SHOCK_DIGRESSION = [ 0.300000, 0.300000 ]
SHOCK_EXT_STIFFNESS = [ 80.000000, 80.000000 ]
SHOCK_STIFFNESS = [ 60.000000, 90.000000 ]
SHOCK_VALVING = [ 24.000000, 24.000000 ]
SPRING_PROGRESSION = [ 9.000000, 9.000000 ]
SPRING_STIFFNESS = [ 600.000000, 800.000000 ]
SWAYBAR_STIFFNESS = [ 300.000000, 300.000000 ]
TRACK_WIDTH = [ 2.500000, 2.500000 ]
TRAVEL = [ 9.000000, 9.000000 ]
WHEEL_BASE = 5.000000

[tires]
ASPECT_RATIO = [ 30.000000, 30.000000 ]
DYNAMIC_GRIP = [ 2.100000, 2.100000 ]
GRIP_SCALE = [ 1.000000, 1.200000 ]
RIM_SIZE = [ 18.000000, 18.000000 ]
SECTION_WIDTH = [ 295.000000, 295.000000 ]
STATIC_GRIP = [ 2.300000, 2.300000 ]
STEERING = 1.000000
YAW_CONTROL = [ 0.250000, 0.350000, 0.600000, 1.000000 ]
YAW_SPEED = 0.500000

[transmission]
GEAR_RATIO = [ 4.500000, 0.000000, 4.500000, 3.000000, 2.500000, 2.000000, 1.500000, 1.000000 ]
DIFFERENTIAL = [ 0.800000, 0.800000, 0.000000 ]
GEAR_EFFICIENCY = [ 1.000000, 1.000000, 1.000000, 1.000000, 1.000000, 1.000000, 1.000000, 1.000000, 1.000000 ]
TORQUE_CONVERTER = 1.500000
TORQUE_SPLIT = 0.500000
CLUTCH_SLIP = 0.800000
OPTIMAL_SHIFT = 500.000000
SHIFT_SPEED = 0.500000
FINAL_GEAR = 5.000000

[engine]
TORQUE = [ 212.000000, 290.000000, 424.000000, 545.000000, 520.000000, 454.000000, 397.000000, 360.000000, 333.000000 ]
ENGINE_BRAKING = [ 0.700000, 0.800000, 0.900000 ]
FLYWHEEL_MASS = 10.000000
MAX_RPM = 9400.000000
RED_LINE = 8400.000000
IDLE = 950.000000

[nos]
FLOW_RATE = 3.000000
NOS_CAPACITY = 2.500000
NOS_DISENGAGE = 2.000000
RECHARGE_MAX = 30.000000
RECHARGE_MAX_SPEED = 100.000000
RECHARGE_MIN = 50.000000
RECHARGE_MIN_SPEED = 50.000000
TORQUE_BOOST = 0.750000

[pvehicle]
brakes_upgrades = 0
chassis_upgrades = 0
engine_upgrades = 0
induction_upgrades = 0
MASS = 5000.000000
nos_upgrades = 0
TENSOR_SCALE = [ 1.500000, 2.500000, 1.500000 ]
tires_upgrades = 0
transmission_upgrades = 0

[frontend]
Cost = 0