[brakes]
BRAKE_LOCK = [ 1.000000, 3.300000 ]
BRAKES = [ 500.000000, 675.000000 ]
EBRAKE = 850.000000

[chassis]
AERO_CG = 48.000000
AERO_COEFFICIENT = 0.250000
DRAG_COEFFICIENT = 0.370000
FRONT_AXLE = 1.390000
FRONT_WEIGHT_BIAS = 52.849998
RENDER_MOTION = 1.000000
RIDE_HEIGHT = [ 7.000000, 7.000000 ]
ROLL_CENTER = 8.700000
SHOCK_BLOWOUT = 8.000000
SHOCK_DIGRESSION = [ 0.300000, 0.300000 ]
SHOCK_EXT_STIFFNESS = [ 75.000000, 75.000000 ]
SHOCK_STIFFNESS = [ 50.000000, 50.000000 ]
SHOCK_VALVING = [ 24.000000, 24.000000 ]
SPRING_PROGRESSION = [ 7.750000, 7.500000 ]
SPRING_STIFFNESS = [ 620.000000, 675.000000 ]
SWAYBAR_STIFFNESS = [ 250.000000, 250.000000 ]
TRACK_WIDTH = [ 1.569000, 1.551000 ]
TRAVEL = [ 6.000000, 6.000000 ]
WHEEL_BASE = 2.700000

[tires]
ASPECT_RATIO = [ 30.000000, 30.000000 ]
DYNAMIC_GRIP = [ 1.850000, 1.850000 ]
GRIP_SCALE = [ 1.050000, 1.085000 ]
RIM_SIZE = [ 19.000000, 19.000000 ]
SECTION_WIDTH = [ 285.000000, 285.000000 ]
STATIC_GRIP = [ 2.150000, 2.100000 ]
STEERING = 1.000000
YAW_CONTROL = [ 0.100000, 0.500000, 1.000000, 1.200000 ]
YAW_SPEED = 0.400000

[transmission]
GEAR_RATIO = [ 3.160000, 0.000000, 3.590000, 2.190000, 1.410000, 1.040000, 0.830000 ]
DIFFERENTIAL = [ 0.700000, 0.700000, 0.000000 ]
GEAR_EFFICIENCY = [ 1.000000, 1.000000, 1.000000, 1.000000, 1.000000, 0.960000, 1.000000, 1.000000, 1.000000 ]
TORQUE_CONVERTER = 0.700000
TORQUE_SPLIT = 0.000000
CLUTCH_SLIP = 0.800000
OPTIMAL_SHIFT = 500.000000
SHIFT_SPEED = 0.250000
FINAL_GEAR = 2.650000

[engine]
TORQUE = [ 175.000000, 400.000000, 625.000000, 600.000000, 530.000000, 480.000000, 440.000000, 410.000000, 395.000000 ]
ENGINE_BRAKING = [ 0.700000, 0.800000, 0.900000 ]
FLYWHEEL_MASS = 10.000000
MAX_RPM = 6950.000000
RED_LINE = 5950.000000
IDLE = 800.000000

[induction]
LOW_BOOST = 0.200000
SPOOL_TIME_DOWN = 0.250000
VACUUM = -0.050000
SPOOL = 0.200000
SPOOL_TIME_UP = 2.000000
PSI = 13.050000
HIGH_BOOST = 0.150000

[nos]
FLOW_RATE = 3.000000
NOS_CAPACITY = 2.500000
NOS_DISENGAGE = 2.000000
RECHARGE_MAX = 30.000000
RECHARGE_MAX_SPEED = 100.000000
RECHARGE_MIN = 50.000000
RECHARGE_MIN_SPEED = 50.000000
TORQUE_BOOST = 0.750000

[pvehicle]
brakes_upgrades = 0
chassis_upgrades = 0
engine_upgrades = 0
induction_upgrades = 0
MASS = 1950.000000
nos_upgrades = 3
TENSOR_SCALE = [ 1.000000, 2.000000, 1.000000 ]
tires_upgrades = 0
transmission_upgrades = 0
HandlingRating = [ 81.000000, 100.000000 ]

[frontend]
Cost = 0

[nos_1]
FLOW_RATE = 3.000000
NOS_CAPACITY = 5.000000
NOS_DISENGAGE = 2.000000
RECHARGE_MAX = 30.000000
RECHARGE_MAX_SPEED = 100.000000
RECHARGE_MIN = 50.000000
RECHARGE_MIN_SPEED = 50.000000
TORQUE_BOOST = 1.000000