[brakes]
BRAKE_LOCK = [ 1.000000, 3.250000 ]
BRAKES = [ 320.000000, 475.000000 ]
EBRAKE = 295.040009

[chassis]
AERO_CG = 48.500000
AERO_COEFFICIENT = 0.250000
DRAG_COEFFICIENT = 0.300000
FRONT_AXLE = 1.500000
FRONT_WEIGHT_BIAS = 52.000000
RENDER_MOTION = 1.000000
RIDE_HEIGHT = [ 8.500000, 8.500000 ]
ROLL_CENTER = 9.500000
SHOCK_BLOWOUT = 8.000000
SHOCK_DIGRESSION = [ 0.350000, 0.350000 ]
SHOCK_EXT_STIFFNESS = [ 50.000000, 50.000000 ]
SHOCK_STIFFNESS = [ 42.000000, 40.000000 ]
SHOCK_VALVING = [ 24.000000, 24.000000 ]
SPRING_PROGRESSION = [ 8.500000, 8.500000 ]
SPRING_STIFFNESS = [ 500.000000, 400.000000 ]
SWAYBAR_STIFFNESS = [ 300.000000, 300.000000 ]
TRACK_WIDTH = [ 1.508000, 1.525000 ]
TRAVEL = [ 15.000000, 15.000000 ]
WHEEL_BASE = 2.725000

[tires]
ASPECT_RATIO = [ 45.000000, 45.000000 ]
DYNAMIC_GRIP = [ 1.800000, 2.000000 ]
GRIP_SCALE = [ 2.000000, 2.000000 ]
RIM_SIZE = [ 18.000000, 18.000000 ]
SECTION_WIDTH = [ 225.000000, 225.000000 ]
STATIC_GRIP = [ 2.000000, 2.300000 ]
STEERING = 1.000000
YAW_CONTROL = [ 0.000000, 0.000000, 0.000000, 0.000000 ]
YAW_SPEED = 0.500000

[transmission]
GEAR_RATIO = [ 3.790000, 0.000000, 2.800000, 1.700000, 1.380000, 1.160000, 1.050000, 0.930000 ]
DIFFERENTIAL = [ 0.700000, 0.700000, 0.000000 ]
GEAR_EFFICIENCY = [ 1.000000, 1.000000, 1.000000, 1.000000, 1.000000, 1.000000, 1.000000, 1.000000, 1.000000 ]
TORQUE_CONVERTER = 0.000000
TORQUE_SPLIT = 0.500000
CLUTCH_SLIP = 0.800000
OPTIMAL_SHIFT = 500.000000
SHIFT_SPEED = 0.250000
FINAL_GEAR = 2.700000

[engine]
TORQUE = [ 700.000000, 722.000000, 803.000000, 884.000000, 979.000000, 931.000000, 880.000000, 760.000000, 700.000000 ]
ENGINE_BRAKING = [ 0.930000, 0.850000, 0.860000 ]
FLYWHEEL_MASS = 10.000000
MAX_RPM = 9400.000000
RED_LINE = 8400.000000
IDLE = 950.000000

[induction]
LOW_BOOST = 0.000000
SPOOL_TIME_DOWN = 1.000000
VACUUM = 0.000000
SPOOL = 0.000000
SPOOL_TIME_UP = 1.000000
PSI = 0.000000
HIGH_BOOST = 0.000000

[nos]
FLOW_RATE = 3.000000
NOS_CAPACITY = 5.000000
NOS_DISENGAGE = 2.000000
RECHARGE_MAX = 30.000000
RECHARGE_MAX_SPEED = 100.000000
RECHARGE_MIN = 50.000000
RECHARGE_MIN_SPEED = 50.000000
TORQUE_BOOST = 1.000000

[pvehicle]
brakes_upgrades = 0
chassis_upgrades = 0
engine_upgrades = 0
induction_upgrades = 0
MASS = 1400.000000
nos_upgrades = 0
TENSOR_SCALE = [ 1.000000, 2.000000, 1.000000 ]
tires_upgrades = 0
transmission_upgrades = 0
HandlingRating = [ 0.000000, 0.000000 ]

[frontend]
Cost = 0