[brakes]
BRAKE_LOCK = [ 1.000000, 3.500000 ]
BRAKES = [ 300.000000, 550.000000 ]
EBRAKE = 650.000000

[chassis]
AERO_CG = 50.000000
AERO_COEFFICIENT = 0.200000
DRAG_COEFFICIENT = 0.350000
FRONT_AXLE = 1.500000
FRONT_WEIGHT_BIAS = 53.000000
RENDER_MOTION = 1.000000
RIDE_HEIGHT = [ 12.500000, 12.500000 ]
ROLL_CENTER = 11.000000
SHOCK_BLOWOUT = 8.000000
SHOCK_DIGRESSION = [ 0.220000, 0.220000 ]
SHOCK_EXT_STIFFNESS = [ 60.000000, 60.000000 ]
SHOCK_STIFFNESS = [ 55.000000, 55.000000 ]
SHOCK_VALVING = [ 18.000000, 18.000000 ]
SPRING_PROGRESSION = [ 6.000000, 6.000000 ]
SPRING_STIFFNESS = [ 650.000000, 650.000000 ]
SWAYBAR_STIFFNESS = [ 275.000000, 275.000000 ]
TRACK_WIDTH = [ 1.600000, 1.600000 ]
TRAVEL = [ 7.000000, 7.000000 ]
WHEEL_BASE = 3.000000

[tires]
ASPECT_RATIO = [ 30.000000, 30.000000 ]
DYNAMIC_GRIP = [ 1.700000, 1.900000 ]
GRIP_SCALE = [ 1.000000, 1.000000 ]
RIM_SIZE = [ 18.000000, 18.000000 ]
SECTION_WIDTH = [ 295.000000, 295.000000 ]
STATIC_GRIP = [ 1.900000, 2.100000 ]
STEERING = 1.000000
YAW_CONTROL = [ 0.250000, 0.350000, 0.600000, 1.000000 ]
YAW_SPEED = 0.700000

[transmission]
GEAR_RATIO = [ 3.200000, 0.000000, 3.820000, 2.050000, 1.410000, 1.120000, 0.920000, 0.750000 ]
DIFFERENTIAL = [ 0.700000, 0.700000, 0.000000 ]
GEAR_EFFICIENCY = [ 1.000000, 1.000000, 1.000000, 1.000000, 1.000000, 1.000000, 1.000000, 1.000000, 1.000000 ]
TORQUE_CONVERTER = 1.500000
TORQUE_SPLIT = 1.000000
CLUTCH_SLIP = 0.800000
OPTIMAL_SHIFT = 500.000000
SHIFT_SPEED = 0.250000
FINAL_GEAR = 3.440000

[engine]
TORQUE = [ 105.000000, 190.000000, 300.000000, 390.000000, 330.000000, 280.000000, 245.000000, 225.000000, 220.000000 ]
ENGINE_BRAKING = [ 0.930000, 0.850000, 0.860000 ]
FLYWHEEL_MASS = 10.000000
MAX_RPM = 9400.000000
RED_LINE = 8400.000000
IDLE = 950.000000

[pvehicle]
brakes_upgrades = 0
chassis_upgrades = 0
engine_upgrades = 0
induction_upgrades = 0
MASS = 3000.000000
nos_upgrades = 0
TENSOR_SCALE = [ 1.250000, 2.500000, 1.250000 ]
tires_upgrades = 0
transmission_upgrades = 0

[frontend]
Cost = 0