[brakes]
BRAKE_LOCK = [ 1.000000, 1.000000 ]
BRAKES = [ 1553.000000, 1553.000000 ]
EBRAKE = 2000.000000

[chassis]
AERO_CG = 50.000000
AERO_COEFFICIENT = 0.150000
DRAG_COEFFICIENT = 0.300000
FRONT_AXLE = -2.800000
FRONT_WEIGHT_BIAS = 50.000000
RENDER_MOTION = 1.000000
RIDE_HEIGHT = [ 22.000000, 22.000000 ]
ROLL_CENTER = 36.000000
SHOCK_BLOWOUT = 8.000000
SHOCK_DIGRESSION = [ 0.500000, 0.500000 ]
SHOCK_EXT_STIFFNESS = [ 150.000000, 150.000000 ]
SHOCK_STIFFNESS = [ 200.000000, 200.000000 ]
SHOCK_VALVING = [ 10.000000, 10.000000 ]
SPRING_PROGRESSION = [ 8.000000, 8.000000 ]
SPRING_STIFFNESS = [ 1500.000000, 1500.000000 ]
SWAYBAR_STIFFNESS = [ 500.000000, 500.000000 ]
TRACK_WIDTH = [ 2.800000, 2.800000 ]
TRAVEL = [ 18.000000, 18.000000 ]
WHEEL_BASE = 1.500000

[tires]
ASPECT_RATIO = [ 40.000000, 40.000000 ]
DYNAMIC_GRIP = [ 1.900000, 2.000000 ]
GRIP_SCALE = [ 1.500000, 1.500000 ]
RIM_SIZE = [ 24.000000, 24.000000 ]
SECTION_WIDTH = [ 380.000000, 380.000000 ]
STATIC_GRIP = [ 2.100000, 2.200000 ]
STEERING = 1.100000
YAW_CONTROL = [ 0.000000, 0.000000, 0.000000, 0.000000 ]
YAW_SPEED = 1.000000

[pvehicle]
brakes_upgrades = 0
chassis_upgrades = 0
engine_upgrades = 0
induction_upgrades = 0
MASS = 10001.000000
nos_upgrades = 0
TENSOR_SCALE = [ 2.000000, 2.000000, 1.000000 ]
tires_upgrades = 0
transmission_upgrades = 0

[frontend]
Cost = 0